0 0.457031 0.777344 0.457031 0.794922 0.501953 0.791016 0.500000 0.779297 0.476562 0.779297 0.470703 0.775391
0 0.394531 0.777344 0.394531 0.798828 0.402344 0.798828 0.406250 0.794922 0.437500 0.798828 0.445312 0.791016 0.445312 0.777344 0.437500 0.771484 0.410156 0.771484 0.408203 0.775391
0 0.308594 0.730469 0.310547 0.753906 0.314453 0.753906 0.324219 0.767578 0.343750 0.767578 0.343750 0.757812 0.339844 0.757812 0.333984 0.748047 0.316406 0.734375 0.316406 0.730469
0 0.724609 0.714844 0.707031 0.714844 0.699219 0.722656 0.691406 0.722656 0.689453 0.718750 0.669922 0.718750 0.658203 0.726562 0.652344 0.722656 0.613281 0.722656 0.609375 0.730469 0.599609 0.730469 0.595703 0.738281 0.556641 0.753906 0.554688 0.757812 0.527344 0.761719 0.523438 0.775391 0.542969 0.775391 0.552734 0.767578 0.564453 0.767578 0.568359 0.761719 0.582031 0.759766 0.585938 0.753906 0.591797 0.753906 0.605469 0.744141 0.609375 0.736328 0.621094 0.742188 0.636719 0.740234 0.638672 0.736328 0.666016 0.736328 0.667969 0.740234 0.679688 0.742188 0.687500 0.750000 0.707031 0.746094 0.707031 0.740234 0.724609 0.722656
0 0.730469 0.714844 0.734375 0.726562 0.744141 0.730469 0.755859 0.720703 0.806641 0.712891 0.814453 0.705078 0.826172 0.705078 0.832031 0.697266 0.861328 0.705078 0.882812 0.705078 0.894531 0.718750 0.923828 0.720703 0.931641 0.728516 0.947266 0.732422 0.951172 0.742188 0.957031 0.744141 0.972656 0.763672 0.984375 0.767578 0.998047 0.785156 0.996094 0.757812 0.982422 0.740234 0.974609 0.738281 0.970703 0.730469 0.964844 0.728516 0.962891 0.722656 0.958984 0.722656 0.953125 0.714844 0.947266 0.714844 0.943359 0.708984 0.921875 0.705078 0.916016 0.699219 0.894531 0.699219 0.873047 0.677734 0.857422 0.677734 0.853516 0.681641 0.830078 0.683594 0.826172 0.687500 0.806641 0.687500 0.796875 0.691406 0.791016 0.699219 0.775391 0.699219 0.771484 0.705078 0.751953 0.705078 0.748047 0.708984 0.740234 0.708984 0.736328 0.714844
0 0.914062 0.558594 0.914062 0.587891 0.921875 0.587891 0.927734 0.580078 0.931641 0.580078 0.931641 0.568359 0.925781 0.564453 0.925781 0.558594
0 0.382812 0.558594 0.375000 0.554688 0.341797 0.554688 0.339844 0.558594 0.328125 0.558594 0.322266 0.564453 0.308594 0.564453 0.281250 0.576172 0.277344 0.582031 0.277344 0.595703 0.285156 0.595703 0.291016 0.583984 0.318359 0.582031 0.335938 0.568359 0.347656 0.572266 0.376953 0.570312 0.382812 0.564453
0 0.494141 0.539062 0.494141 0.544922 0.515625 0.564453 0.539062 0.564453 0.539062 0.558594 0.527344 0.558594 0.521484 0.546875 0.511719 0.542969 0.507812 0.537109
0 0.445312 0.539062 0.445312 0.544922 0.453125 0.548828 0.474609 0.548828 0.480469 0.542969 0.480469 0.537109 0.474609 0.533203 0.455078 0.533203
0 0.000000 0.488281 0.000000 0.509766 0.021484 0.507812 0.042969 0.517578 0.052734 0.505859 0.056641 0.511719 0.076172 0.511719 0.085938 0.517578 0.113281 0.517578 0.121094 0.525391 0.136719 0.529297 0.148438 0.539062 0.158203 0.541016 0.162109 0.548828 0.183594 0.564453 0.197266 0.566406 0.197266 0.558594 0.183594 0.544922 0.181641 0.537109 0.164062 0.527344 0.158203 0.519531 0.152344 0.519531 0.150391 0.515625 0.136719 0.511719 0.126953 0.501953 0.121094 0.501953 0.119141 0.496094 0.080078 0.490234 0.029297 0.492188 0.013672 0.488281 0.011719 0.484375
0 0.597656 0.402344 0.593750 0.408203 0.597656 0.429688 0.603516 0.429688 0.609375 0.423828 0.607422 0.402344
