0 0.197266 0.957031 0.197266 0.964844 0.216797 0.966797 0.212891 0.957031
0 0.119141 0.933594 0.121094 0.945312 0.140625 0.947266 0.138672 0.937500
0 0.630859 0.867188 0.630859 0.873047 0.650391 0.873047 0.652344 0.861328 0.638672 0.859375
0 0.865234 0.855469 0.867188 0.869141 0.882812 0.869141 0.886719 0.873047 0.937500 0.873047 0.957031 0.890625 0.972656 0.894531 0.998047 0.894531 0.998047 0.873047 0.994141 0.882812 0.984375 0.886719 0.974609 0.867188 0.958984 0.867188 0.953125 0.859375 0.896484 0.859375 0.892578 0.855469
0 0.824219 0.855469 0.824219 0.861328 0.847656 0.859375 0.845703 0.849609 0.832031 0.849609 0.830078 0.855469
0 0.687500 0.722656 0.687500 0.728516 0.705078 0.740234 0.720703 0.740234 0.722656 0.736328 0.732422 0.740234 0.750000 0.740234 0.761719 0.763672 0.771484 0.763672 0.775391 0.767578 0.794922 0.763672 0.806641 0.775391 0.814453 0.775391 0.818359 0.781250 0.839844 0.791016 0.853516 0.789062 0.855469 0.785156 0.869141 0.785156 0.871094 0.781250 0.904297 0.781250 0.908203 0.785156 0.916016 0.785156 0.917969 0.791016 0.939453 0.791016 0.957031 0.781250 0.978516 0.781250 0.978516 0.775391 0.958984 0.775391 0.955078 0.769531 0.947266 0.769531 0.943359 0.775391 0.939453 0.771484 0.916016 0.775391 0.900391 0.765625 0.884766 0.765625 0.873047 0.771484 0.824219 0.769531 0.812500 0.753906 0.792969 0.753906 0.787109 0.748047 0.755859 0.742188 0.751953 0.730469 0.730469 0.730469 0.720703 0.722656 0.707031 0.722656 0.701172 0.718750 0.691406 0.718750
0 0.000000 0.568359 0.000000 0.583984 0.029297 0.578125 0.029297 0.568359
0 0.222656 0.511719 0.207031 0.511719 0.205078 0.519531 0.199219 0.519531 0.197266 0.515625 0.177734 0.515625 0.175781 0.519531 0.136719 0.515625 0.134766 0.519531 0.119141 0.519531 0.113281 0.527344 0.105469 0.527344 0.103516 0.533203 0.087891 0.537109 0.083984 0.542969 0.078125 0.542969 0.068359 0.550781 0.046875 0.554688 0.046875 0.564453 0.074219 0.560547 0.076172 0.556641 0.095703 0.550781 0.105469 0.539062 0.113281 0.539062 0.121094 0.531250 0.142578 0.533203 0.146484 0.529297 0.167969 0.529297 0.169922 0.533203 0.177734 0.533203 0.191406 0.542969 0.207031 0.541016 0.210938 0.527344 0.220703 0.523438
0 0.236328 0.507812 0.236328 0.521484 0.240234 0.521484 0.250000 0.513672 0.275391 0.511719 0.285156 0.503906 0.306641 0.501953 0.320312 0.494141 0.324219 0.498047 0.349609 0.498047 0.363281 0.511719 0.402344 0.517578 0.457031 0.566406 0.460938 0.578125 0.474609 0.580078 0.486328 0.591797 0.521484 0.591797 0.542969 0.611328 0.574219 0.619141 0.589844 0.634766 0.611328 0.642578 0.617188 0.650391 0.625000 0.650391 0.628906 0.654297 0.628906 0.662109 0.652344 0.681641 0.666016 0.710938 0.683594 0.718750 0.679688 0.697266 0.662109 0.681641 0.658203 0.666016 0.646484 0.658203 0.626953 0.628906 0.603516 0.625000 0.591797 0.607422 0.552734 0.595703 0.531250 0.576172 0.492188 0.576172 0.484375 0.564453 0.466797 0.558594 0.423828 0.511719 0.416016 0.509766 0.414062 0.503906 0.367188 0.494141 0.361328 0.488281 0.355469 0.488281 0.351562 0.478516 0.324219 0.472656 0.312500 0.482422 0.289062 0.482422 0.277344 0.492188 0.267578 0.492188 0.251953 0.505859
0 0.015625 0.351562 0.015625 0.359375 0.023438 0.361328 0.035156 0.375000 0.060547 0.380859 0.060547 0.373047 0.044922 0.369141 0.042969 0.363281 0.027344 0.351562
