0 0.490234 0.978516 0.490234 0.984375 0.496094 0.986328 0.494141 0.998047 0.517578 0.998047 0.515625 0.986328 0.511719 0.984375 0.507812 0.972656 0.498047 0.972656
0 0.666016 0.921875 0.666016 0.941406 0.669922 0.951172 0.675781 0.953125 0.677734 0.960938 0.683594 0.964844 0.683594 0.970703 0.691406 0.980469 0.691406 0.992188 0.695312 0.996094 0.708984 0.994141 0.710938 0.978516 0.705078 0.974609 0.705078 0.960938 0.691406 0.949219 0.689453 0.925781
0 0.589844 0.900391 0.589844 0.912109 0.601562 0.923828 0.619141 0.923828 0.619141 0.916016 0.605469 0.908203 0.603516 0.902344 0.597656 0.898438
0 0.558594 0.787109 0.558594 0.810547 0.574219 0.830078 0.580078 0.830078 0.582031 0.810547 0.578125 0.800781 0.572266 0.800781 0.570312 0.792969 0.566406 0.792969 0.564453 0.787109
0 0.533203 0.748047 0.533203 0.767578 0.541016 0.769531 0.542969 0.775391 0.552734 0.775391 0.548828 0.761719 0.542969 0.759766 0.539062 0.748047
0 0.279297 0.726562 0.277344 0.779297 0.281250 0.789062 0.281250 0.806641 0.277344 0.810547 0.275391 0.824219 0.271484 0.826172 0.271484 0.837891 0.285156 0.853516 0.285156 0.861328 0.298828 0.867188 0.302734 0.880859 0.312500 0.886719 0.326172 0.904297 0.335938 0.908203 0.353516 0.908203 0.373047 0.925781 0.380859 0.925781 0.382812 0.917969 0.367188 0.902344 0.355469 0.902344 0.347656 0.894531 0.339844 0.894531 0.328125 0.878906 0.320312 0.876953 0.312500 0.869141 0.312500 0.859375 0.304688 0.849609 0.292969 0.845703 0.285156 0.837891 0.285156 0.808594 0.291016 0.802734 0.292969 0.775391 0.291016 0.755859 0.287109 0.751953 0.285156 0.726562
0 0.511719 0.695312 0.515625 0.730469 0.523438 0.738281 0.529297 0.738281 0.525391 0.707031 0.517578 0.695312
0 0.414062 0.554688 0.417969 0.582031 0.425781 0.582031 0.423828 0.554688
0 0.085938 0.113281 0.085938 0.121094 0.074219 0.125000 0.076172 0.148438 0.085938 0.164062 0.085938 0.230469 0.078125 0.246094 0.078125 0.294922 0.095703 0.306641 0.103516 0.316406 0.111328 0.333984 0.113281 0.355469 0.121094 0.361328 0.138672 0.404297 0.148438 0.412109 0.160156 0.433594 0.160156 0.466797 0.187500 0.492188 0.199219 0.525391 0.216797 0.541016 0.242188 0.546875 0.253906 0.556641 0.253906 0.572266 0.267578 0.589844 0.267578 0.595703 0.261719 0.597656 0.259766 0.707031 0.263672 0.714844 0.285156 0.720703 0.285156 0.697266 0.277344 0.689453 0.281250 0.564453 0.263672 0.558594 0.259766 0.542969 0.244141 0.529297 0.220703 0.527344 0.205078 0.513672 0.201172 0.480469 0.181641 0.464844 0.173828 0.417969 0.162109 0.394531 0.154297 0.388672 0.150391 0.373047 0.138672 0.363281 0.126953 0.318359 0.119141 0.314453 0.119141 0.308594 0.095703 0.279297 0.095703 0.226562 0.109375 0.210938 0.109375 0.183594 0.103516 0.173828 0.101562 0.128906 0.095703 0.115234
0 0.064453 0.054688 0.066406 0.072266 0.062500 0.078125 0.050781 0.082031 0.050781 0.091797 0.060547 0.097656 0.060547 0.105469 0.068359 0.119141 0.074219 0.119141 0.074219 0.101562 0.070312 0.095703 0.074219 0.066406 0.070312 0.064453 0.070312 0.054688
