0 0.591797 0.832031 0.589844 0.859375 0.597656 0.861328 0.609375 0.853516 0.609375 0.839844 0.603516 0.839844 0.601562 0.832031
0 0.466797 0.730469 0.464844 0.740234 0.460938 0.742188 0.458984 0.759766 0.460938 0.763672 0.478516 0.763672 0.484375 0.759766 0.486328 0.738281 0.482422 0.730469
0 0.746094 0.720703 0.742188 0.742188 0.763672 0.759766 0.787109 0.763672 0.796875 0.775391 0.802734 0.777344 0.822266 0.775391 0.833984 0.767578 0.833984 0.748047 0.830078 0.742188 0.806641 0.740234 0.802734 0.746094 0.777344 0.742188 0.757812 0.724609 0.757812 0.718750
0 0.888672 0.738281 0.888672 0.748047 0.898438 0.748047 0.900391 0.736328 0.904297 0.740234 0.931641 0.742188 0.937500 0.746094 0.947266 0.746094 0.951172 0.742188 0.964844 0.746094 0.998047 0.746094 0.998047 0.718750 0.994141 0.722656 0.980469 0.722656 0.978516 0.718750 0.970703 0.716797 0.933594 0.720703 0.923828 0.718750 0.916016 0.712891 0.916016 0.708984 0.898438 0.708984 0.898438 0.716797 0.894531 0.718750 0.894531 0.736328
0 0.873047 0.679688 0.873047 0.652344 0.863281 0.644531 0.865234 0.634766 0.845703 0.634766 0.841797 0.644531 0.812500 0.644531 0.800781 0.648438 0.798828 0.652344 0.792969 0.652344 0.783203 0.644531 0.767578 0.644531 0.761719 0.648438 0.761719 0.662109 0.767578 0.662109 0.777344 0.669922 0.798828 0.669922 0.800781 0.666016 0.818359 0.662109 0.820312 0.666016 0.835938 0.666016 0.863281 0.683594
0 0.960938 0.625000 0.960938 0.632812 0.951172 0.638672 0.951172 0.650391 0.955078 0.650391 0.957031 0.658203 0.960938 0.660156 0.978516 0.658203 0.978516 0.644531 0.974609 0.642578 0.968750 0.625000
0 0.550781 0.591797 0.550781 0.603516 0.566406 0.617188 0.580078 0.617188 0.585938 0.625000 0.585938 0.634766 0.601562 0.634766 0.607422 0.630859 0.642578 0.630859 0.650391 0.626953 0.646484 0.613281 0.615234 0.613281 0.613281 0.607422 0.585938 0.605469 0.582031 0.599609 0.566406 0.595703 0.564453 0.589844
0 0.332031 0.464844 0.330078 0.494141 0.345703 0.498047 0.361328 0.517578 0.382812 0.525391 0.392578 0.525391 0.396484 0.533203 0.408203 0.533203 0.417969 0.546875 0.425781 0.548828 0.433594 0.558594 0.451172 0.558594 0.457031 0.564453 0.474609 0.562500 0.498047 0.578125 0.513672 0.582031 0.525391 0.591797 0.539062 0.591797 0.539062 0.582031 0.533203 0.582031 0.527344 0.574219 0.515625 0.572266 0.507812 0.560547 0.496094 0.558594 0.486328 0.550781 0.464844 0.550781 0.425781 0.515625 0.410156 0.515625 0.396484 0.505859 0.384766 0.503906 0.376953 0.494141 0.375000 0.482422 0.365234 0.478516 0.361328 0.470703 0.351562 0.470703 0.345703 0.464844
0 0.205078 0.228516 0.199219 0.236328 0.201172 0.259766 0.205078 0.261719 0.205078 0.267578 0.214844 0.277344 0.214844 0.283203 0.228516 0.294922 0.255859 0.294922 0.267578 0.306641 0.267578 0.320312 0.277344 0.326172 0.279297 0.343750 0.289062 0.351562 0.292969 0.375000 0.306641 0.394531 0.310547 0.417969 0.324219 0.433594 0.320312 0.447266 0.324219 0.449219 0.324219 0.455078 0.333984 0.455078 0.337891 0.441406 0.343750 0.437500 0.343750 0.414062 0.333984 0.408203 0.330078 0.402344 0.330078 0.392578 0.322266 0.378906 0.316406 0.376953 0.312500 0.347656 0.300781 0.333984 0.294922 0.316406 0.283203 0.300781 0.273438 0.296875 0.273438 0.285156 0.261719 0.285156 0.253906 0.271484 0.240234 0.267578 0.220703 0.240234 0.212891 0.236328 0.212891 0.230469
0 0.097656 0.003906 0.095703 0.023438 0.089844 0.027344 0.085938 0.074219 0.095703 0.082031 0.099609 0.095703 0.105469 0.097656 0.105469 0.103516 0.150391 0.111328 0.154297 0.119141 0.164062 0.121094 0.167969 0.125000 0.167969 0.134766 0.173828 0.136719 0.191406 0.158203 0.197266 0.181641 0.212891 0.181641 0.214844 0.166016 0.210938 0.154297 0.203125 0.146484 0.203125 0.140625 0.197266 0.136719 0.197266 0.121094 0.175781 0.105469 0.166016 0.109375 0.158203 0.107422 0.158203 0.093750 0.144531 0.082031 0.140625 0.068359 0.126953 0.060547 0.126953 0.035156 0.123047 0.033203 0.119141 0.017578 0.107422 0.003906
