0 0.552734 0.544922 0.550781 0.568359 0.558594 0.576172 0.558594 0.587891 0.564453 0.589844 0.568359 0.644531 0.576172 0.662109 0.572266 0.669922 0.572266 0.687500 0.595703 0.695312 0.585938 0.701172 0.585938 0.712891 0.593750 0.728516 0.589844 0.750000 0.603516 0.757812 0.609375 0.779297 0.617188 0.781250 0.625000 0.798828 0.634766 0.802734 0.632812 0.812500 0.621094 0.820312 0.621094 0.847656 0.613281 0.857422 0.613281 0.931641 0.623047 0.931641 0.626953 0.925781 0.628906 0.939453 0.621094 0.941406 0.621094 0.953125 0.628906 0.964844 0.628906 0.978516 0.634766 0.980469 0.638672 0.998047 0.666016 0.998047 0.662109 0.962891 0.644531 0.931641 0.644531 0.917969 0.652344 0.902344 0.652344 0.843750 0.662109 0.832031 0.662109 0.824219 0.650391 0.806641 0.648438 0.792969 0.634766 0.783203 0.632812 0.753906 0.619141 0.736328 0.619141 0.708984 0.613281 0.705078 0.613281 0.691406 0.603516 0.679688 0.603516 0.652344 0.599609 0.640625 0.603516 0.605469 0.578125 0.595703 0.564453 0.568359 0.560547 0.544922
0 0.652344 0.539062 0.644531 0.541016 0.642578 0.582031 0.650391 0.582031
0 0.617188 0.482422 0.611328 0.482422 0.605469 0.494141 0.605469 0.505859 0.613281 0.505859 0.613281 0.496094 0.619141 0.494141
0 0.064453 0.482422 0.060547 0.505859 0.074219 0.507812 0.072266 0.484375
0 0.607422 0.445312 0.605469 0.455078 0.599609 0.457031 0.599609 0.462891 0.603516 0.466797 0.613281 0.466797 0.613281 0.445312
0 0.697266 0.335938 0.691406 0.335938 0.685547 0.341797 0.671875 0.339844 0.671875 0.345703 0.689453 0.345703 0.691406 0.351562 0.697266 0.351562
0 0.662109 0.332031 0.652344 0.332031 0.646484 0.375000 0.658203 0.375000 0.658203 0.363281 0.662109 0.359375
0 0.662109 0.302734 0.656250 0.308594 0.656250 0.322266 0.666016 0.324219 0.673828 0.333984 0.683594 0.333984 0.685547 0.306641
0 0.626953 0.277344 0.617188 0.277344 0.617188 0.292969 0.607422 0.300781 0.607422 0.330078 0.613281 0.333984 0.619141 0.333984 0.621094 0.310547 0.630859 0.308594 0.630859 0.289062
0 0.673828 0.130859 0.667969 0.130859 0.666016 0.150391 0.660156 0.154297 0.660156 0.164062 0.656250 0.166016 0.652344 0.181641 0.646484 0.187500 0.642578 0.216797 0.646484 0.238281 0.646484 0.287109 0.648438 0.294922 0.658203 0.296875 0.662109 0.285156 0.666016 0.283203 0.666016 0.250000 0.671875 0.244141 0.671875 0.228516 0.666016 0.220703 0.673828 0.216797 0.675781 0.183594 0.683594 0.181641 0.683594 0.166016 0.691406 0.156250 0.695312 0.156250 0.695312 0.140625 0.681641 0.138672
0 0.683594 0.000000 0.683594 0.009766 0.677734 0.015625 0.681641 0.035156 0.675781 0.037109 0.683594 0.058594 0.683594 0.066406 0.677734 0.068359 0.677734 0.087891 0.691406 0.093750 0.699219 0.103516 0.705078 0.103516 0.710938 0.117188 0.718750 0.117188 0.722656 0.111328 0.718750 0.095703 0.710938 0.093750 0.710938 0.085938 0.705078 0.078125 0.707031 0.064453 0.705078 0.046875 0.701172 0.041016 0.701172 0.000000
