0 0.234375 0.980469 0.228516 0.980469 0.226562 0.986328 0.214844 0.984375 0.205078 0.992188 0.199219 0.992188 0.199219 0.998047 0.220703 0.998047 0.222656 0.994141 0.230469 0.992188
0 0.164062 0.980469 0.154297 0.982422 0.150391 0.994141 0.142578 0.998047 0.158203 0.996094
0 0.345703 0.832031 0.339844 0.857422 0.343750 0.859375 0.343750 0.867188 0.351562 0.867188 0.349609 0.841797 0.355469 0.837891 0.355469 0.832031
0 0.953125 0.460938 0.953125 0.466797 0.966797 0.478516 0.984375 0.480469 0.990234 0.490234 0.998047 0.490234 0.998047 0.462891 0.992188 0.462891 0.992188 0.470703 0.984375 0.472656 0.972656 0.470703 0.962891 0.460938
0 0.435547 0.464844 0.431641 0.464844 0.425781 0.457031 0.404297 0.457031 0.400391 0.460938 0.392578 0.460938 0.367188 0.449219 0.341797 0.445312 0.333984 0.453125 0.312500 0.460938 0.306641 0.457031 0.292969 0.457031 0.289062 0.451172 0.259766 0.458984 0.244141 0.458984 0.230469 0.478516 0.216797 0.478516 0.207031 0.468750 0.199219 0.468750 0.183594 0.480469 0.183594 0.486328 0.236328 0.486328 0.248047 0.470703 0.261719 0.472656 0.287109 0.462891 0.296875 0.468750 0.322266 0.470703 0.345703 0.458984 0.353516 0.458984 0.365234 0.468750 0.371094 0.468750 0.376953 0.460938 0.382812 0.472656 0.408203 0.470703 0.417969 0.464844 0.427734 0.470703 0.435547 0.470703
0 0.166016 0.453125 0.150391 0.451172 0.144531 0.457031 0.138672 0.457031 0.136719 0.464844 0.132812 0.460938 0.134766 0.445312 0.128906 0.445312 0.126953 0.453125 0.115234 0.453125 0.117188 0.460938 0.125000 0.460938 0.128906 0.464844 0.128906 0.470703 0.136719 0.480469 0.136719 0.488281 0.123047 0.496094 0.115234 0.496094 0.107422 0.507812 0.097656 0.507812 0.097656 0.513672 0.089844 0.515625 0.080078 0.525391 0.050781 0.519531 0.046875 0.513672 0.044922 0.490234 0.035156 0.494141 0.021484 0.484375 0.011719 0.484375 0.011719 0.494141 0.025391 0.496094 0.029297 0.509766 0.033203 0.509766 0.037109 0.517578 0.044922 0.519531 0.048828 0.525391 0.064453 0.529297 0.066406 0.533203 0.089844 0.533203 0.105469 0.517578 0.117188 0.517578 0.123047 0.513672 0.138672 0.494141 0.160156 0.490234 0.160156 0.484375 0.150391 0.482422 0.150391 0.472656 0.144531 0.472656 0.142578 0.464844 0.156250 0.458984 0.166016 0.458984
0 0.947266 0.449219 0.941406 0.449219 0.929688 0.441406 0.902344 0.441406 0.898438 0.445312 0.884766 0.441406 0.876953 0.460938 0.859375 0.480469 0.859375 0.486328 0.849609 0.488281 0.845703 0.501953 0.830078 0.501953 0.804688 0.513672 0.800781 0.519531 0.775391 0.523438 0.767578 0.515625 0.753906 0.517578 0.751953 0.513672 0.722656 0.511719 0.708984 0.503906 0.666016 0.503906 0.648438 0.488281 0.628906 0.484375 0.617188 0.474609 0.582031 0.478516 0.564453 0.496094 0.552734 0.496094 0.539062 0.484375 0.525391 0.480469 0.496094 0.480469 0.490234 0.488281 0.478516 0.492188 0.462891 0.488281 0.457031 0.476562 0.435547 0.480469 0.435547 0.486328 0.455078 0.490234 0.470703 0.505859 0.498047 0.501953 0.503906 0.492188 0.517578 0.490234 0.535156 0.494141 0.552734 0.507812 0.568359 0.507812 0.595703 0.488281 0.619141 0.486328 0.650391 0.503906 0.660156 0.513672 0.759766 0.525391 0.779297 0.537109 0.804688 0.537109 0.808594 0.531250 0.816406 0.531250 0.818359 0.525391 0.828125 0.525391 0.832031 0.529297 0.845703 0.523438 0.847656 0.515625 0.861328 0.509766 0.861328 0.501953 0.867188 0.498047 0.876953 0.476562 0.894531 0.457031 0.914062 0.453125 0.947266 0.455078
0 0.070312 0.400391 0.070312 0.406250 0.082031 0.410156 0.082031 0.419922 0.087891 0.419922 0.089844 0.404297
0 0.359375 0.201172 0.361328 0.222656 0.375000 0.218750 0.373047 0.207031
0 0.785156 0.148438 0.783203 0.171875 0.792969 0.173828 0.794922 0.162109 0.791016 0.148438
