0 0.902344 0.763672 0.906250 0.789062 0.917969 0.792969 0.916016 0.771484 0.912109 0.771484 0.908203 0.763672
0 0.470703 0.707031 0.460938 0.707031 0.447266 0.718750 0.425781 0.718750 0.425781 0.728516 0.439453 0.734375 0.445312 0.734375 0.451172 0.728516 0.464844 0.728516 0.470703 0.724609
0 0.982422 0.679688 0.984375 0.697266 0.988281 0.701172 0.998047 0.701172 0.998047 0.677734
0 0.009766 0.677734 0.000000 0.677734 0.000000 0.708984 0.011719 0.697266
0 0.060547 0.669922 0.060547 0.683594 0.064453 0.685547 0.064453 0.710938 0.193359 0.710938 0.197266 0.714844 0.205078 0.714844 0.208984 0.710938 0.220703 0.710938 0.222656 0.714844 0.250000 0.714844 0.253906 0.710938 0.267578 0.720703 0.291016 0.718750 0.306641 0.722656 0.310547 0.728516 0.357422 0.732422 0.361328 0.740234 0.378906 0.742188 0.376953 0.730469 0.371094 0.730469 0.367188 0.722656 0.376953 0.720703 0.380859 0.708984 0.363281 0.708984 0.355469 0.699219 0.333984 0.699219 0.326172 0.691406 0.310547 0.691406 0.308594 0.687500 0.244141 0.687500 0.234375 0.683594 0.214844 0.683594 0.208984 0.677734 0.191406 0.677734 0.189453 0.683594 0.183594 0.683594 0.179688 0.677734 0.091797 0.677734 0.085938 0.673828
0 0.933594 0.638672 0.929688 0.642578 0.933594 0.679688 0.939453 0.679688 0.943359 0.689453 0.972656 0.689453 0.972656 0.683594 0.978516 0.679688 0.978516 0.667969 0.949219 0.648438 0.943359 0.638672
0 0.515625 0.671875 0.527344 0.669922 0.533203 0.662109 0.539062 0.662109 0.546875 0.654297 0.570312 0.662109 0.572266 0.666016 0.587891 0.666016 0.589844 0.662109 0.595703 0.662109 0.595703 0.652344 0.589844 0.652344 0.580078 0.644531 0.566406 0.642578 0.560547 0.634766 0.560547 0.617188 0.556641 0.613281 0.542969 0.613281 0.541016 0.623047 0.529297 0.628906 0.527344 0.644531 0.519531 0.648438 0.519531 0.654297 0.515625 0.656250
0 0.697266 0.613281 0.689453 0.607422 0.673828 0.607422 0.669922 0.613281 0.660156 0.615234 0.644531 0.628906 0.628906 0.628906 0.619141 0.638672 0.621094 0.658203 0.626953 0.658203 0.626953 0.652344 0.634766 0.648438 0.636719 0.642578 0.650391 0.640625 0.652344 0.632812 0.664062 0.636719 0.675781 0.634766 0.677734 0.630859 0.697266 0.630859
0 0.730469 0.609375 0.732422 0.634766 0.753906 0.634766 0.755859 0.630859 0.763672 0.630859 0.765625 0.634766 0.783203 0.634766 0.785156 0.640625 0.814453 0.640625 0.830078 0.644531 0.832031 0.648438 0.845703 0.642578 0.849609 0.648438 0.863281 0.652344 0.871094 0.662109 0.886719 0.662109 0.888672 0.666016 0.908203 0.666016 0.917969 0.658203 0.917969 0.650391 0.925781 0.642578 0.925781 0.634766 0.917969 0.634766 0.914062 0.628906 0.894531 0.628906 0.882812 0.617188 0.863281 0.613281 0.861328 0.609375 0.849609 0.603516 0.839844 0.603516 0.832031 0.597656 0.820312 0.599609 0.820312 0.605469 0.830078 0.607422 0.822266 0.615234 0.802734 0.613281 0.798828 0.607422 0.753906 0.607422 0.746094 0.603516 0.738281 0.603516
0 0.652344 0.550781 0.652344 0.564453 0.705078 0.564453 0.707031 0.568359 0.724609 0.568359 0.746094 0.582031 0.767578 0.578125 0.767578 0.570312 0.759766 0.564453 0.750000 0.564453 0.744141 0.558594 0.736328 0.558594 0.724609 0.550781 0.703125 0.550781 0.701172 0.546875 0.685547 0.546875 0.681641 0.550781 0.669922 0.542969 0.660156 0.542969
0 0.582031 0.542969 0.582031 0.566406 0.621094 0.562500 0.621094 0.550781 0.617188 0.544922 0.605469 0.542969 0.601562 0.537109
0 0.912109 0.046875 0.912109 0.062500 0.935547 0.068359 0.937500 0.056641 0.933594 0.050781
