0 0.939453 0.656250 0.931641 0.648438 0.921875 0.648438 0.917969 0.656250 0.906250 0.656250 0.904297 0.660156 0.884766 0.656250 0.880859 0.660156 0.878906 0.673828 0.882812 0.679688 0.902344 0.679688 0.910156 0.669922 0.931641 0.669922 0.939453 0.662109
0 0.837891 0.607422 0.837891 0.611328 0.832031 0.613281 0.832031 0.626953 0.837891 0.634766 0.845703 0.634766 0.849609 0.644531 0.861328 0.644531 0.865234 0.650391 0.871094 0.650391 0.871094 0.640625 0.865234 0.636719 0.871094 0.613281 0.849609 0.613281 0.845703 0.607422
0 0.761719 0.605469 0.798828 0.599609 0.812500 0.593750 0.832031 0.599609 0.830078 0.585938 0.785156 0.585938 0.781250 0.589844 0.767578 0.589844
0 0.699219 0.603516 0.707031 0.603516 0.716797 0.609375 0.736328 0.609375 0.736328 0.603516 0.742188 0.599609 0.742188 0.593750 0.730469 0.585938 0.701172 0.585938
0 0.626953 0.564453 0.595703 0.568359 0.595703 0.578125 0.603516 0.578125 0.605469 0.582031 0.623047 0.582031 0.626953 0.578125
0 0.482422 0.562500 0.482422 0.574219 0.488281 0.578125 0.501953 0.576172 0.511719 0.564453 0.525391 0.564453 0.527344 0.572266 0.535156 0.578125 0.548828 0.578125 0.552734 0.587891 0.560547 0.587891 0.564453 0.580078 0.587891 0.570312 0.587891 0.562500 0.552734 0.564453 0.548828 0.558594 0.519531 0.554688 0.511719 0.546875 0.496094 0.546875
0 0.263672 0.537109 0.251953 0.537109 0.242188 0.544922 0.232422 0.546875 0.230469 0.558594 0.259766 0.558594 0.265625 0.548828
0 0.246094 0.441406 0.246094 0.462891 0.253906 0.466797 0.283203 0.462891 0.302734 0.478516 0.308594 0.478516 0.330078 0.498047 0.341797 0.498047 0.351562 0.488281 0.398438 0.494141 0.404297 0.517578 0.416016 0.521484 0.429688 0.539062 0.439453 0.541016 0.449219 0.550781 0.478516 0.556641 0.478516 0.544922 0.466797 0.531250 0.457031 0.529297 0.449219 0.533203 0.439453 0.521484 0.439453 0.511719 0.431641 0.505859 0.423828 0.492188 0.404297 0.496094 0.404297 0.482422 0.386719 0.470703 0.355469 0.472656 0.347656 0.478516 0.332031 0.480469 0.322266 0.472656 0.316406 0.472656 0.306641 0.457031 0.300781 0.457031 0.294922 0.449219 0.285156 0.447266 0.267578 0.435547 0.257812 0.435547
0 0.191406 0.396484 0.189453 0.408203 0.193359 0.408203 0.199219 0.417969 0.212891 0.417969 0.214844 0.423828 0.222656 0.425781 0.236328 0.423828 0.236328 0.410156 0.226562 0.408203 0.222656 0.402344
0 0.000000 0.205078 0.000000 0.238281 0.009766 0.236328 0.023438 0.251953 0.046875 0.251953 0.050781 0.259766 0.082031 0.287109 0.082031 0.291016 0.093750 0.294922 0.099609 0.300781 0.099609 0.306641 0.109375 0.308594 0.113281 0.316406 0.128906 0.318359 0.144531 0.330078 0.158203 0.330078 0.164062 0.333984 0.160156 0.343750 0.169922 0.351562 0.162109 0.359375 0.158203 0.355469 0.136719 0.355469 0.128906 0.359375 0.130859 0.367188 0.158203 0.369141 0.160156 0.375000 0.169922 0.378906 0.169922 0.382812 0.189453 0.382812 0.193359 0.375000 0.189453 0.359375 0.175781 0.345703 0.175781 0.333984 0.162109 0.330078 0.162109 0.320312 0.150391 0.310547 0.138672 0.308594 0.132812 0.298828 0.111328 0.292969 0.107422 0.281250 0.091797 0.275391 0.087891 0.267578 0.072266 0.255859 0.068359 0.246094 0.056641 0.246094 0.031250 0.226562 0.017578 0.222656 0.011719 0.207031
0 0.667969 0.082031 0.664062 0.085938 0.664062 0.093750 0.667969 0.095703 0.667969 0.113281 0.679688 0.111328 0.679688 0.095703 0.673828 0.089844 0.673828 0.082031
