0 0.658203 0.964844 0.656250 0.976562 0.646484 0.988281 0.646484 0.994141 0.652344 0.998047 0.671875 0.998047 0.673828 0.980469 0.667969 0.968750
0 0.871094 0.960938 0.871094 0.980469 0.882812 0.980469 0.886719 0.974609 0.884766 0.960938
0 0.964844 0.863281 0.960938 0.869141 0.960938 0.892578 0.970703 0.892578 0.970703 0.884766 0.976562 0.880859 0.978516 0.869141
0 0.492188 0.839844 0.494141 0.855469 0.515625 0.853516 0.515625 0.847656 0.501953 0.845703 0.498047 0.839844
0 0.839844 0.746094 0.839844 0.755859 0.855469 0.763672 0.855469 0.775391 0.859375 0.781250 0.869141 0.781250 0.871094 0.765625 0.865234 0.761719 0.867188 0.750000 0.863281 0.746094
0 0.666016 0.722656 0.664062 0.736328 0.660156 0.738281 0.660156 0.755859 0.667969 0.759766 0.675781 0.781250 0.683594 0.787109 0.683594 0.791016 0.697266 0.794922 0.697266 0.765625 0.685547 0.753906 0.683594 0.742188 0.677734 0.736328 0.677734 0.726562 0.673828 0.722656
0 0.720703 0.695312 0.720703 0.712891 0.732422 0.712891 0.742188 0.707031 0.742188 0.699219 0.734375 0.699219 0.728516 0.693359
0 0.503906 0.574219 0.503906 0.582031 0.515625 0.589844 0.515625 0.603516 0.519531 0.609375 0.552734 0.609375 0.556641 0.613281 0.564453 0.613281 0.576172 0.628906 0.576172 0.634766 0.583984 0.634766 0.587891 0.640625 0.611328 0.644531 0.621094 0.652344 0.630859 0.652344 0.638672 0.662109 0.650391 0.664062 0.650391 0.644531 0.634766 0.634766 0.628906 0.634766 0.625000 0.625000 0.611328 0.621094 0.603516 0.613281 0.585938 0.613281 0.574219 0.603516 0.564453 0.585938 0.542969 0.582031 0.535156 0.576172 0.521484 0.578125 0.517578 0.574219
0 0.119141 0.207031 0.117188 0.224609 0.134766 0.253906 0.136719 0.273438 0.146484 0.289062 0.160156 0.298828 0.164062 0.314453 0.169922 0.322266 0.169922 0.333984 0.175781 0.337891 0.175781 0.386719 0.183594 0.408203 0.191406 0.417969 0.191406 0.425781 0.214844 0.439453 0.222656 0.453125 0.236328 0.455078 0.259766 0.488281 0.279297 0.492188 0.279297 0.501953 0.285156 0.503906 0.285156 0.521484 0.292969 0.527344 0.298828 0.541016 0.316406 0.556641 0.341797 0.556641 0.347656 0.564453 0.425781 0.564453 0.435547 0.574219 0.449219 0.572266 0.455078 0.587891 0.470703 0.587891 0.484375 0.572266 0.484375 0.558594 0.466797 0.558594 0.460938 0.564453 0.433594 0.542969 0.353516 0.542969 0.335938 0.529297 0.318359 0.525391 0.314453 0.521484 0.312500 0.507812 0.292969 0.488281 0.283203 0.486328 0.283203 0.476562 0.291016 0.470703 0.291016 0.464844 0.271484 0.464844 0.250000 0.433594 0.238281 0.425781 0.218750 0.425781 0.199219 0.414062 0.197266 0.394531 0.203125 0.378906 0.189453 0.363281 0.189453 0.341797 0.185547 0.337891 0.189453 0.310547 0.183594 0.292969 0.175781 0.285156 0.175781 0.271484 0.171875 0.261719 0.144531 0.242188 0.134766 0.224609 0.132812 0.210938
0 0.000000 0.103516 0.000000 0.132812 0.023438 0.148438 0.025391 0.162109 0.037109 0.162109 0.039062 0.167969 0.052734 0.177734 0.052734 0.185547 0.066406 0.193359 0.066406 0.201172 0.072266 0.201172 0.076172 0.191406 0.107422 0.193359 0.107422 0.181641 0.097656 0.169922 0.089844 0.169922 0.085938 0.166016 0.050781 0.166016 0.048828 0.150391 0.041016 0.148438 0.039062 0.144531 0.031250 0.144531 0.027344 0.136719 0.021484 0.134766 0.021484 0.121094 0.011719 0.105469
