0 0.007812 0.824219 0.007812 0.830078 0.027344 0.830078 0.029297 0.837891 0.070312 0.837891 0.070312 0.832031 0.029297 0.832031 0.027344 0.824219
0 0.652344 0.736328 0.652344 0.744141 0.673828 0.744141 0.675781 0.750000 0.685547 0.750000 0.693359 0.761719 0.701172 0.761719 0.703125 0.767578 0.708984 0.769531 0.708984 0.775391 0.712891 0.775391 0.714844 0.781250 0.722656 0.781250 0.724609 0.787109 0.730469 0.787109 0.728516 0.773438 0.718750 0.773438 0.716797 0.767578 0.705078 0.759766 0.705078 0.753906 0.697266 0.753906 0.689453 0.742188 0.677734 0.742188 0.675781 0.736328
0 0.386719 0.583984 0.394531 0.605469 0.394531 0.632812 0.404297 0.658203 0.408203 0.738281 0.404297 0.750000 0.408203 0.962891 0.392578 0.998047 0.408203 0.998047 0.416016 0.982422 0.414062 0.683594 0.425781 0.681641 0.433594 0.689453 0.451172 0.691406 0.457031 0.699219 0.462891 0.699219 0.464844 0.705078 0.470703 0.705078 0.474609 0.712891 0.541016 0.712891 0.544922 0.718750 0.591797 0.718750 0.595703 0.724609 0.619141 0.724609 0.619141 0.716797 0.599609 0.716797 0.595703 0.710938 0.570312 0.710938 0.562500 0.705078 0.554688 0.705078 0.550781 0.710938 0.548828 0.705078 0.480469 0.705078 0.468750 0.695312 0.468750 0.691406 0.458984 0.691406 0.457031 0.685547 0.447266 0.685547 0.431641 0.673828 0.417969 0.673828 0.408203 0.646484 0.398438 0.591797 0.392578 0.583984
0 0.853516 0.263672 0.845703 0.261719 0.843750 0.269531 0.835938 0.269531 0.833984 0.275391 0.826172 0.275391 0.824219 0.281250 0.816406 0.281250 0.806641 0.292969 0.800781 0.294922 0.798828 0.300781 0.794922 0.300781 0.792969 0.306641 0.785156 0.312500 0.777344 0.312500 0.775391 0.318359 0.769531 0.318359 0.767578 0.312500 0.761719 0.312500 0.759766 0.308594 0.744141 0.306641 0.740234 0.300781 0.730469 0.300781 0.730469 0.332031 0.736328 0.332031 0.736328 0.324219 0.742188 0.320312 0.759766 0.320312 0.765625 0.326172 0.777344 0.328125 0.777344 0.322266 0.787109 0.320312 0.789062 0.314453 0.796875 0.314453 0.796875 0.308594 0.802734 0.306641 0.810547 0.294922 0.818359 0.294922 0.820312 0.289062 0.828125 0.289062 0.830078 0.283203 0.837891 0.283203 0.837891 0.277344 0.845703 0.275391 0.847656 0.269531 0.853516 0.269531
0 0.625000 0.224609 0.625000 0.232422 0.628906 0.232422 0.634766 0.240234 0.636719 0.251953 0.644531 0.263672 0.650391 0.265625 0.660156 0.289062 0.664062 0.289062 0.666016 0.294922 0.673828 0.294922 0.673828 0.287109 0.666016 0.285156 0.664062 0.275391 0.660156 0.273438 0.658203 0.263672 0.650391 0.259766 0.638672 0.230469 0.634766 0.230469 0.632812 0.224609
0 0.583984 0.175781 0.583984 0.181641 0.587891 0.181641 0.589844 0.187500 0.601562 0.189453 0.607422 0.201172 0.613281 0.201172 0.611328 0.181641 0.603516 0.175781
0 0.998047 0.154297 0.990234 0.156250 0.982422 0.167969 0.974609 0.167969 0.974609 0.173828 0.968750 0.175781 0.966797 0.181641 0.960938 0.181641 0.958984 0.187500 0.953125 0.187500 0.951172 0.193359 0.945312 0.193359 0.943359 0.199219 0.935547 0.199219 0.933594 0.207031 0.917969 0.207031 0.917969 0.210938 0.910156 0.212891 0.902344 0.224609 0.894531 0.224609 0.892578 0.230469 0.882812 0.230469 0.880859 0.238281 0.871094 0.238281 0.869141 0.244141 0.855469 0.250000 0.855469 0.257812 0.865234 0.257812 0.867188 0.251953 0.875000 0.251953 0.876953 0.244141 0.884766 0.244141 0.886719 0.238281 0.896484 0.238281 0.896484 0.234375 0.904297 0.232422 0.906250 0.226562 0.921875 0.220703 0.925781 0.212891 0.937500 0.212891 0.941406 0.207031 0.947266 0.207031 0.949219 0.201172 0.955078 0.201172 0.957031 0.195312 0.970703 0.189453 0.972656 0.181641 0.978516 0.181641 0.980469 0.175781 0.994141 0.169922 0.998047 0.164062
0 0.447266 0.150391 0.433594 0.156250 0.433594 0.173828 0.421875 0.191406 0.412109 0.240234 0.410156 0.283203 0.398438 0.292969 0.396484 0.310547 0.386719 0.330078 0.382812 0.353516 0.371094 0.369141 0.369141 0.392578 0.363281 0.396484 0.361328 0.423828 0.357422 0.425781 0.355469 0.453125 0.361328 0.478516 0.367188 0.486328 0.367188 0.509766 0.371094 0.511719 0.373047 0.548828 0.380859 0.578125 0.386719 0.578125 0.386719 0.566406 0.376953 0.517578 0.375000 0.488281 0.369141 0.486328 0.369141 0.464844 0.363281 0.457031 0.363281 0.447266 0.369141 0.431641 0.371094 0.404297 0.376953 0.398438 0.378906 0.373047 0.392578 0.359375 0.394531 0.335938 0.400391 0.332031 0.404297 0.322266 0.406250 0.298828 0.414062 0.294922 0.417969 0.285156 0.423828 0.248047 0.423828 0.222656 0.429688 0.212891 0.437500 0.171875 0.445312 0.164062
0 0.226562 0.130859 0.226562 0.136719 0.263672 0.138672 0.263672 0.130859
0 0.449219 0.128906 0.449219 0.142578 0.478516 0.144531 0.480469 0.150391 0.488281 0.152344 0.488281 0.158203 0.515625 0.158203 0.519531 0.164062 0.533203 0.164062 0.535156 0.167969 0.542969 0.169922 0.544922 0.175781 0.556641 0.175781 0.558594 0.181641 0.566406 0.181641 0.568359 0.187500 0.576172 0.187500 0.572266 0.175781 0.562500 0.175781 0.560547 0.167969 0.552734 0.167969 0.542969 0.156250 0.527344 0.154297 0.521484 0.148438 0.503906 0.148438 0.501953 0.144531 0.484375 0.142578 0.482422 0.136719 0.474609 0.136719 0.472656 0.130859
0 0.160156 0.125000 0.160156 0.130859 0.185547 0.130859 0.185547 0.125000
0 0.289062 0.000000 0.287109 0.017578 0.289062 0.025391 0.292969 0.027344 0.294922 0.099609 0.298828 0.101562 0.298828 0.119141 0.304688 0.130859 0.312500 0.130859 0.314453 0.126953 0.337891 0.130859 0.355469 0.144531 0.369141 0.138672 0.388672 0.138672 0.406250 0.154297 0.410156 0.162109 0.417969 0.162109 0.416016 0.150391 0.410156 0.146484 0.406250 0.136719 0.396484 0.136719 0.392578 0.128906 0.363281 0.130859 0.345703 0.123047 0.341797 0.117188 0.333984 0.117188 0.330078 0.111328 0.312500 0.109375 0.306641 0.091797 0.298828 0.082031 0.296875 0.000000
