0 0.402344 0.964844 0.402344 0.974609 0.419922 0.998047 0.435547 0.998047 0.435547 0.992188 0.417969 0.976562 0.417969 0.960938 0.408203 0.960938
0 0.068359 0.949219 0.068359 0.955078 0.087891 0.974609 0.089844 0.986328 0.105469 0.984375 0.103516 0.972656 0.095703 0.966797 0.095703 0.960938 0.087891 0.958984 0.087891 0.951172
0 0.000000 0.855469 0.003906 0.869141 0.017578 0.876953 0.025391 0.876953 0.025391 0.859375
0 0.000000 0.787109 0.000000 0.843750 0.011719 0.843750 0.017578 0.837891 0.017578 0.824219 0.011719 0.822266 0.011719 0.792969 0.009766 0.789062
0 0.042969 0.671875 0.042969 0.689453 0.046875 0.691406 0.046875 0.697266 0.060547 0.697266 0.060547 0.691406 0.050781 0.679688 0.048828 0.671875
0 0.408203 0.363281 0.412109 0.382812 0.425781 0.388672 0.433594 0.400391 0.433594 0.410156 0.449219 0.423828 0.457031 0.437500 0.457031 0.462891 0.462891 0.462891 0.472656 0.470703 0.466797 0.486328 0.458984 0.480469 0.458984 0.472656 0.453125 0.472656 0.449219 0.490234 0.441406 0.501953 0.433594 0.505859 0.433594 0.517578 0.417969 0.541016 0.417969 0.550781 0.412109 0.554688 0.412109 0.617188 0.425781 0.640625 0.417969 0.646484 0.412109 0.636719 0.404297 0.636719 0.404297 0.652344 0.412109 0.660156 0.412109 0.697266 0.408203 0.708984 0.419922 0.751953 0.414062 0.773438 0.404297 0.785156 0.400391 0.845703 0.423828 0.894531 0.425781 0.917969 0.421875 0.953125 0.439453 0.951172 0.439453 0.886719 0.423828 0.861328 0.425781 0.769531 0.435547 0.755859 0.435547 0.730469 0.427734 0.714844 0.435547 0.697266 0.435547 0.652344 0.431641 0.650391 0.435547 0.558594 0.439453 0.556641 0.443359 0.542969 0.453125 0.535156 0.453125 0.517578 0.470703 0.507812 0.478516 0.496094 0.478516 0.480469 0.486328 0.474609 0.488281 0.464844 0.478516 0.451172 0.466797 0.421875 0.462891 0.419922 0.462891 0.412109 0.439453 0.392578 0.439453 0.386719 0.431641 0.382812 0.417969 0.363281
0 0.408203 0.310547 0.402344 0.310547 0.394531 0.322266 0.386719 0.326172 0.384766 0.343750 0.390625 0.343750 0.394531 0.333984 0.414062 0.333984 0.414062 0.324219 0.410156 0.322266
0 0.449219 0.236328 0.449219 0.251953 0.462891 0.257812 0.462891 0.238281
0 0.527344 0.056641 0.525391 0.091797 0.515625 0.101562 0.515625 0.164062 0.511719 0.166016 0.511719 0.173828 0.503906 0.183594 0.501953 0.214844 0.492188 0.218750 0.488281 0.240234 0.478516 0.246094 0.478516 0.253906 0.523438 0.255859 0.533203 0.265625 0.533203 0.296875 0.537109 0.300781 0.537109 0.308594 0.546875 0.308594 0.548828 0.277344 0.542969 0.273438 0.539062 0.250000 0.533203 0.246094 0.533203 0.238281 0.525391 0.234375 0.525391 0.208984 0.533203 0.199219 0.533203 0.175781 0.539062 0.171875 0.539062 0.138672 0.548828 0.130859 0.548828 0.082031 0.542969 0.074219 0.541016 0.058594
0 0.613281 0.000000 0.589844 0.000000 0.585938 0.009766 0.576172 0.015625 0.572266 0.023438 0.576172 0.056641 0.589844 0.056641 0.595703 0.044922 0.601562 0.042969 0.603516 0.013672 0.613281 0.007812
