0 0.533203 0.939453 0.527344 0.939453 0.527344 0.958984 0.531250 0.960938 0.527344 0.980469 0.519531 0.982422 0.511719 0.998047 0.529297 0.996094 0.541016 0.982422 0.552734 0.982422 0.552734 0.974609 0.560547 0.972656 0.560547 0.964844 0.550781 0.962891 0.550781 0.951172 0.542969 0.949219
0 0.533203 0.888672 0.525391 0.888672 0.513672 0.902344 0.513672 0.914062 0.523438 0.923828 0.533203 0.921875
0 0.521484 0.765625 0.503906 0.765625 0.498047 0.769531 0.498047 0.775391 0.503906 0.775391 0.505859 0.783203 0.501953 0.808594 0.494141 0.810547 0.496094 0.830078 0.488281 0.833984 0.488281 0.841797 0.492188 0.843750 0.492188 0.859375 0.498047 0.863281 0.515625 0.861328 0.515625 0.849609 0.511719 0.847656 0.511719 0.824219 0.517578 0.822266 0.517578 0.777344 0.521484 0.775391
0 0.880859 0.707031 0.880859 0.714844 0.906250 0.718750 0.908203 0.728516 0.914062 0.730469 0.912109 0.742188 0.919922 0.740234 0.916016 0.708984 0.906250 0.705078
0 0.546875 0.617188 0.531250 0.621094 0.527344 0.634766 0.511719 0.652344 0.500000 0.656250 0.498047 0.666016 0.488281 0.669922 0.482422 0.681641 0.474609 0.687500 0.474609 0.699219 0.480469 0.712891 0.488281 0.712891 0.494141 0.705078 0.498047 0.673828 0.517578 0.666016 0.525391 0.658203 0.529297 0.646484 0.539062 0.642578
0 0.585938 0.568359 0.576172 0.568359 0.576172 0.587891 0.568359 0.597656 0.568359 0.613281 0.578125 0.613281 0.587891 0.607422 0.587891 0.597656 0.595703 0.587891 0.595703 0.578125
0 0.591797 0.503906 0.585938 0.503906 0.580078 0.521484 0.572266 0.521484 0.574219 0.556641 0.582031 0.556641 0.582031 0.546875 0.587891 0.542969 0.587891 0.531250 0.591797 0.529297
0 0.574219 0.472656 0.564453 0.488281 0.564453 0.496094 0.587891 0.498047 0.587891 0.492188 0.582031 0.490234 0.585938 0.478516 0.582031 0.472656
0 0.701172 0.312500 0.695312 0.312500 0.689453 0.322266 0.683594 0.316406 0.677734 0.316406 0.677734 0.347656 0.667969 0.359375 0.656250 0.363281 0.656250 0.376953 0.652344 0.378906 0.656250 0.396484 0.652344 0.406250 0.634766 0.425781 0.625000 0.429688 0.625000 0.435547 0.613281 0.449219 0.607422 0.449219 0.593750 0.462891 0.593750 0.470703 0.613281 0.470703 0.619141 0.462891 0.625000 0.462891 0.638672 0.447266 0.642578 0.447266 0.642578 0.443359 0.662109 0.421875 0.662109 0.412109 0.673828 0.388672 0.673828 0.373047 0.683594 0.369141 0.683594 0.359375 0.701172 0.339844
0 0.863281 0.000000 0.843750 0.000000 0.845703 0.009766 0.837891 0.013672 0.835938 0.039062 0.824219 0.050781 0.812500 0.050781 0.806641 0.060547 0.792969 0.068359 0.785156 0.078125 0.775391 0.080078 0.769531 0.087891 0.767578 0.101562 0.763672 0.103516 0.767578 0.123047 0.761719 0.128906 0.765625 0.150391 0.761719 0.152344 0.759766 0.164062 0.753906 0.169922 0.753906 0.185547 0.748047 0.189453 0.746094 0.205078 0.742188 0.207031 0.740234 0.220703 0.736328 0.222656 0.736328 0.246094 0.722656 0.261719 0.722656 0.267578 0.707031 0.275391 0.707031 0.285156 0.718750 0.292969 0.722656 0.302734 0.728516 0.302734 0.730469 0.289062 0.736328 0.283203 0.736328 0.265625 0.746094 0.259766 0.746094 0.246094 0.753906 0.236328 0.755859 0.214844 0.763672 0.205078 0.767578 0.181641 0.775391 0.175781 0.775391 0.156250 0.783203 0.140625 0.785156 0.107422 0.791016 0.089844 0.806641 0.074219 0.820312 0.070312 0.828125 0.056641 0.837891 0.058594 0.851562 0.048828
