0 0.953125 0.876953 0.949219 0.873047 0.937500 0.873047 0.935547 0.876953 0.917969 0.880859 0.917969 0.886719 0.947266 0.890625 0.953125 0.884766
0 0.546875 0.843750 0.546875 0.851562 0.550781 0.855469 0.564453 0.855469 0.566406 0.851562 0.578125 0.847656 0.595703 0.847656 0.593750 0.839844 0.568359 0.837891 0.564453 0.832031 0.550781 0.832031 0.550781 0.841797
0 0.193359 0.634766 0.193359 0.640625 0.205078 0.642578 0.210938 0.650391 0.220703 0.648438 0.228516 0.640625 0.224609 0.628906 0.207031 0.625000 0.203125 0.632812
0 0.933594 0.621094 0.933594 0.634766 0.939453 0.634766 0.941406 0.640625 0.951172 0.640625 0.953125 0.634766 0.962891 0.634766 0.964844 0.640625 0.990234 0.638672 0.998047 0.630859 0.998047 0.613281 0.951172 0.613281
0 0.826172 0.607422 0.828125 0.626953 0.843750 0.630859 0.845703 0.634766 0.857422 0.634766 0.859375 0.640625 0.875000 0.640625 0.886719 0.648438 0.917969 0.648438 0.921875 0.644531 0.914062 0.621094 0.875000 0.621094 0.863281 0.607422 0.853516 0.607422 0.847656 0.603516 0.828125 0.603516
0 0.824219 0.570312 0.791016 0.546875 0.736328 0.541016 0.724609 0.542969 0.701172 0.558594 0.677734 0.558594 0.669922 0.568359 0.660156 0.568359 0.654297 0.576172 0.625000 0.582031 0.601562 0.558594 0.564453 0.542969 0.548828 0.542969 0.517578 0.550781 0.500000 0.566406 0.455078 0.587891 0.423828 0.576172 0.365234 0.576172 0.359375 0.585938 0.339844 0.585938 0.320312 0.597656 0.316406 0.589844 0.289062 0.587891 0.281250 0.578125 0.234375 0.576172 0.224609 0.568359 0.177734 0.572266 0.166016 0.564453 0.152344 0.568359 0.152344 0.585938 0.160156 0.595703 0.191406 0.587891 0.207031 0.587891 0.222656 0.599609 0.246094 0.599609 0.251953 0.609375 0.271484 0.611328 0.277344 0.619141 0.310547 0.621094 0.359375 0.599609 0.400391 0.599609 0.429688 0.603516 0.433594 0.609375 0.457031 0.609375 0.464844 0.601562 0.484375 0.595703 0.486328 0.589844 0.498047 0.580078 0.505859 0.580078 0.544922 0.564453 0.572266 0.564453 0.589844 0.587891 0.595703 0.587891 0.615234 0.599609 0.650391 0.599609 0.675781 0.582031 0.705078 0.580078 0.728516 0.570312 0.730469 0.564453 0.781250 0.570312 0.802734 0.587891 0.824219 0.583984
0 0.000000 0.464844 0.000000 0.486328 0.017578 0.488281 0.019531 0.494141 0.025391 0.494141 0.035156 0.507812 0.041016 0.511719 0.050781 0.511719 0.060547 0.525391 0.074219 0.535156 0.078125 0.548828 0.083984 0.550781 0.089844 0.560547 0.095703 0.560547 0.097656 0.564453 0.123047 0.564453 0.128906 0.548828 0.113281 0.537109 0.107422 0.537109 0.087891 0.515625 0.076172 0.511719 0.062500 0.492188 0.058594 0.492188 0.035156 0.464844
0 0.775391 0.443359 0.775391 0.462891 0.783203 0.462891 0.785156 0.458984 0.789062 0.462891 0.798828 0.462891 0.798828 0.449219 0.792969 0.443359
0 0.316406 0.320312 0.316406 0.330078 0.337891 0.330078 0.337891 0.320312
0 0.957031 0.166016 0.957031 0.189453 0.988281 0.189453 0.992188 0.185547 0.992188 0.166016 0.978516 0.166016 0.970703 0.162109 0.960938 0.162109
