0 0.775391 0.951172 0.775391 0.957031 0.769531 0.960938 0.769531 0.978516 0.775391 0.982422 0.791016 0.982422 0.789062 0.960938 0.783203 0.958984 0.783203 0.951172
0 0.931641 0.929688 0.925781 0.929688 0.923828 0.937500 0.912109 0.937500 0.912109 0.955078 0.923828 0.957031 0.933594 0.953125
0 0.697266 0.775391 0.687500 0.775391 0.681641 0.783203 0.671875 0.785156 0.671875 0.794922 0.675781 0.798828 0.697266 0.798828 0.701172 0.794922
0 0.498047 0.585938 0.480469 0.589844 0.464844 0.603516 0.464844 0.615234 0.457031 0.621094 0.431641 0.626953 0.425781 0.634766 0.421875 0.634766 0.417969 0.640625 0.414062 0.669922 0.400391 0.656250 0.386719 0.658203 0.386719 0.666016 0.398438 0.669922 0.394531 0.705078 0.382812 0.714844 0.376953 0.726562 0.359375 0.730469 0.322266 0.759766 0.324219 0.781250 0.330078 0.785156 0.328125 0.802734 0.333984 0.806641 0.333984 0.820312 0.341797 0.824219 0.339844 0.863281 0.326172 0.880859 0.326172 0.888672 0.332031 0.894531 0.337891 0.912109 0.322266 0.929688 0.316406 0.929688 0.318359 0.943359 0.302734 0.960938 0.298828 0.978516 0.289062 0.982422 0.285156 0.998047 0.306641 0.998047 0.306641 0.990234 0.314453 0.984375 0.314453 0.974609 0.330078 0.964844 0.333984 0.943359 0.347656 0.925781 0.345703 0.896484 0.355469 0.869141 0.357422 0.818359 0.351562 0.794922 0.343750 0.783203 0.341797 0.763672 0.351562 0.753906 0.375000 0.750000 0.384766 0.732422 0.396484 0.726562 0.412109 0.705078 0.414062 0.691406 0.425781 0.681641 0.433594 0.646484 0.437500 0.642578 0.457031 0.640625 0.470703 0.632812 0.470703 0.621094 0.484375 0.619141 0.501953 0.599609
0 0.998047 0.582031 0.994141 0.585938 0.994141 0.593750 0.988281 0.595703 0.988281 0.601562 0.998047 0.597656
0 0.412109 0.326172 0.410156 0.357422 0.412109 0.363281 0.421875 0.361328 0.423828 0.341797 0.419922 0.326172
0 0.769531 0.324219 0.769531 0.330078 0.779297 0.333984 0.781250 0.341797 0.791016 0.341797 0.791016 0.335938 0.783203 0.332031 0.783203 0.324219
0 0.630859 0.324219 0.617188 0.324219 0.613281 0.333984 0.607422 0.337891 0.603516 0.406250 0.597656 0.410156 0.593750 0.431641 0.585938 0.439453 0.585938 0.470703 0.576172 0.480469 0.574219 0.517578 0.568359 0.519531 0.564453 0.527344 0.558594 0.527344 0.558594 0.533203 0.550781 0.537109 0.542969 0.550781 0.537109 0.552734 0.535156 0.566406 0.529297 0.570312 0.529297 0.580078 0.525391 0.585938 0.525391 0.595703 0.535156 0.599609 0.544922 0.599609 0.550781 0.591797 0.548828 0.566406 0.568359 0.535156 0.578125 0.535156 0.587891 0.525391 0.587891 0.496094 0.595703 0.486328 0.595703 0.468750 0.603516 0.449219 0.609375 0.447266 0.613281 0.417969 0.619141 0.410156 0.617188 0.390625 0.623047 0.373047 0.623047 0.357422 0.626953 0.353516 0.626953 0.339844 0.630859 0.337891
0 0.957031 0.230469 0.960938 0.281250 0.970703 0.281250 0.972656 0.263672 0.966797 0.255859 0.962891 0.230469
0 0.859375 0.222656 0.863281 0.244141 0.871094 0.244141 0.867188 0.222656
0 0.818359 0.187500 0.816406 0.208984 0.820312 0.220703 0.808594 0.242188 0.806641 0.281250 0.810547 0.294922 0.814453 0.296875 0.814453 0.316406 0.818359 0.320312 0.812500 0.355469 0.818359 0.363281 0.822266 0.386719 0.830078 0.386719 0.828125 0.373047 0.824219 0.369141 0.824219 0.326172 0.830078 0.322266 0.830078 0.314453 0.824219 0.310547 0.824219 0.267578 0.820312 0.259766 0.820312 0.250000 0.830078 0.232422 0.830078 0.207031 0.824219 0.203125 0.824219 0.187500
0 0.125000 0.046875 0.125000 0.062500 0.128906 0.068359 0.144531 0.072266 0.140625 0.052734 0.134766 0.046875
0 0.658203 0.000000 0.636719 0.000000 0.628906 0.011719 0.626953 0.031250 0.623047 0.033203 0.625000 0.046875 0.634766 0.050781 0.634766 0.099609 0.628906 0.103516 0.628906 0.156250 0.613281 0.166016 0.605469 0.177734 0.597656 0.179688 0.595703 0.183594 0.595703 0.226562 0.599609 0.234375 0.599609 0.250000 0.603516 0.251953 0.607422 0.267578 0.613281 0.271484 0.621094 0.296875 0.628906 0.298828 0.634766 0.308594 0.640625 0.308594 0.640625 0.300781 0.634766 0.296875 0.634766 0.279297 0.626953 0.273438 0.626953 0.267578 0.619141 0.255859 0.609375 0.214844 0.619141 0.203125 0.621094 0.189453 0.634766 0.173828 0.634766 0.167969 0.640625 0.166016 0.652344 0.152344 0.652344 0.130859 0.648438 0.119141 0.648438 0.105469 0.652344 0.101562 0.652344 0.066406 0.640625 0.039062 0.644531 0.019531 0.650391 0.017578 0.650391 0.011719
