0 0.511719 0.972656 0.511719 0.980469 0.519531 0.988281 0.541016 0.986328 0.542969 0.972656 0.535156 0.970703 0.533203 0.964844 0.521484 0.964844
0 0.050781 0.960938 0.050781 0.968750 0.070312 0.988281 0.074219 0.988281 0.078125 0.996094 0.095703 0.998047 0.087891 0.994141 0.087891 0.988281 0.070312 0.968750 0.064453 0.966797 0.062500 0.960938
0 0.628906 0.957031 0.613281 0.957031 0.603516 0.964844 0.591797 0.966797 0.589844 0.976562 0.603516 0.976562 0.611328 0.970703 0.626953 0.970703
0 0.820312 0.880859 0.810547 0.880859 0.808594 0.886719 0.794922 0.890625 0.794922 0.896484 0.812500 0.896484 0.820312 0.892578
0 0.183594 0.634766 0.183594 0.642578 0.203125 0.644531 0.210938 0.650391 0.242188 0.650391 0.248047 0.644531 0.259766 0.642578 0.259766 0.636719 0.232422 0.638672
0 0.144531 0.621094 0.148438 0.630859 0.166016 0.634766 0.166016 0.628906 0.160156 0.628906 0.154297 0.621094
0 0.414062 0.615234 0.408203 0.611328 0.402344 0.597656 0.359375 0.593750 0.355469 0.601562 0.349609 0.603516 0.337891 0.617188 0.330078 0.621094 0.314453 0.621094 0.296875 0.628906 0.271484 0.628906 0.265625 0.634766 0.265625 0.642578 0.291016 0.642578 0.298828 0.634766 0.337891 0.634766 0.349609 0.621094 0.361328 0.613281 0.369141 0.613281 0.371094 0.609375 0.376953 0.613281 0.394531 0.613281 0.404297 0.621094 0.414062 0.621094
0 0.824219 0.621094 0.873047 0.619141 0.878906 0.613281 0.927734 0.611328 0.986328 0.617188 0.988281 0.613281 0.998047 0.613281 0.998047 0.589844 0.988281 0.589844 0.986328 0.595703 0.968750 0.593750 0.966797 0.589844 0.937500 0.589844 0.933594 0.593750 0.927734 0.593750 0.925781 0.589844 0.902344 0.589844 0.900391 0.593750 0.890625 0.593750 0.884766 0.597656 0.843750 0.601562 0.832031 0.599609 0.828125 0.603516 0.828125 0.611328 0.824219 0.613281
0 0.011719 0.574219 0.011719 0.587891 0.060547 0.587891 0.068359 0.599609 0.074219 0.599609 0.070312 0.582031 0.052734 0.566406 0.031250 0.566406
0 0.417969 0.644531 0.435547 0.648438 0.496094 0.642578 0.503906 0.634766 0.513672 0.634766 0.521484 0.626953 0.539062 0.621094 0.576172 0.578125 0.582031 0.578125 0.591797 0.570312 0.623047 0.574219 0.628906 0.582031 0.642578 0.587891 0.646484 0.599609 0.658203 0.603516 0.660156 0.609375 0.666016 0.609375 0.677734 0.617188 0.697266 0.619141 0.701172 0.626953 0.716797 0.626953 0.722656 0.632812 0.767578 0.634766 0.771484 0.630859 0.798828 0.630859 0.800781 0.634766 0.810547 0.634766 0.812500 0.621094 0.802734 0.613281 0.781250 0.609375 0.771484 0.613281 0.755859 0.613281 0.751953 0.621094 0.736328 0.621094 0.722656 0.607422 0.707031 0.607422 0.681641 0.589844 0.664062 0.589844 0.638672 0.566406 0.628906 0.564453 0.613281 0.550781 0.582031 0.550781 0.566406 0.566406 0.564453 0.576172 0.552734 0.585938 0.546875 0.585938 0.544922 0.595703 0.537109 0.597656 0.525391 0.613281 0.517578 0.613281 0.509766 0.621094 0.496094 0.621094 0.474609 0.628906 0.417969 0.628906
