0 0.218750 0.978516 0.242188 0.978516 0.251953 0.970703 0.251953 0.960938 0.246094 0.960938 0.244141 0.957031 0.226562 0.957031 0.218750 0.968750
0 0.435547 0.894531 0.417969 0.896484 0.416016 0.902344 0.371094 0.902344 0.363281 0.908203 0.363281 0.916016 0.367188 0.916016 0.369141 0.921875 0.376953 0.921875 0.382812 0.916016 0.408203 0.914062 0.416016 0.908203 0.423828 0.908203 0.425781 0.904297 0.435547 0.904297
0 0.501953 0.886719 0.521484 0.880859 0.521484 0.875000 0.507812 0.875000 0.501953 0.880859
0 0.617188 0.824219 0.613281 0.818359 0.605469 0.818359 0.595703 0.828125 0.589844 0.828125 0.587891 0.837891 0.574219 0.837891 0.568359 0.841797 0.568359 0.851562 0.572266 0.855469 0.597656 0.855469 0.601562 0.851562 0.611328 0.851562 0.619141 0.843750
0 0.998047 0.648438 0.994141 0.648438 0.984375 0.660156 0.982422 0.673828 0.994141 0.673828 0.998047 0.669922
0 0.783203 0.597656 0.785156 0.609375 0.792969 0.617188 0.802734 0.619141 0.806641 0.605469 0.794922 0.597656
0 0.724609 0.582031 0.724609 0.589844 0.734375 0.591797 0.738281 0.601562 0.746094 0.605469 0.744141 0.613281 0.730469 0.613281 0.730469 0.626953 0.726562 0.628906 0.730469 0.646484 0.759766 0.652344 0.759766 0.632812 0.753906 0.628906 0.753906 0.619141 0.763672 0.617188 0.759766 0.589844 0.755859 0.589844 0.750000 0.582031
0 0.671875 0.576172 0.666016 0.585938 0.666016 0.595703 0.669922 0.603516 0.675781 0.603516 0.677734 0.609375 0.683594 0.611328 0.683594 0.626953 0.691406 0.634766 0.699219 0.634766 0.701172 0.615234 0.714844 0.609375 0.714844 0.599609 0.708984 0.595703 0.710938 0.585938 0.699219 0.585938 0.695312 0.589844 0.689453 0.583984 0.689453 0.576172
0 0.558594 0.558594 0.558594 0.578125 0.578125 0.591797 0.593750 0.591797 0.595703 0.595703 0.626953 0.595703 0.634766 0.601562 0.650391 0.599609 0.648438 0.576172 0.628906 0.574219 0.623047 0.580078 0.593750 0.574219 0.591797 0.568359 0.574219 0.564453 0.572266 0.558594
0 0.892578 0.562500 0.894531 0.572266 0.935547 0.572266 0.931641 0.554688 0.917969 0.550781 0.898438 0.554688
0 0.394531 0.537109 0.394531 0.542969 0.400391 0.542969 0.404297 0.550781 0.431641 0.548828 0.433594 0.560547 0.443359 0.572266 0.500000 0.574219 0.503906 0.578125 0.531250 0.582031 0.539062 0.570312 0.535156 0.558594 0.525391 0.558594 0.519531 0.554688 0.498047 0.554688 0.496094 0.550781 0.437500 0.550781 0.435547 0.537109 0.408203 0.533203 0.404297 0.537109
0 0.300781 0.515625 0.302734 0.529297 0.316406 0.537109 0.318359 0.546875 0.326172 0.556641 0.341797 0.556641 0.343750 0.560547 0.353516 0.560547 0.355469 0.556641 0.384766 0.556641 0.384766 0.533203 0.339844 0.533203 0.337891 0.527344 0.330078 0.525391 0.318359 0.515625
0 0.242188 0.457031 0.236328 0.466797 0.236328 0.478516 0.246094 0.480469 0.251953 0.486328 0.259766 0.486328 0.259766 0.468750 0.251953 0.457031
0 0.000000 0.359375 0.000000 0.392578 0.007812 0.388672 0.015625 0.376953 0.023438 0.376953 0.027344 0.373047 0.052734 0.373047 0.058594 0.376953 0.058594 0.382812 0.070312 0.386719 0.074219 0.392578 0.080078 0.392578 0.091797 0.400391 0.109375 0.400391 0.117188 0.414062 0.146484 0.423828 0.152344 0.439453 0.171875 0.449219 0.175781 0.455078 0.195312 0.457031 0.203125 0.466797 0.220703 0.464844 0.220703 0.447266 0.212891 0.439453 0.207031 0.439453 0.195312 0.429688 0.179688 0.429688 0.175781 0.433594 0.171875 0.429688 0.171875 0.421875 0.154297 0.408203 0.150391 0.400391 0.150391 0.378906 0.140625 0.369141 0.117188 0.369141 0.121094 0.392578 0.109375 0.398438 0.093750 0.382812 0.087891 0.363281 0.083984 0.363281 0.078125 0.355469 0.064453 0.353516 0.060547 0.347656 0.029297 0.347656 0.013672 0.351562 0.009766 0.359375
0 0.162109 0.007812 0.148438 0.007812 0.138672 0.025391 0.138672 0.033203 0.152344 0.031250 0.162109 0.017578
