0 0.066406 0.970703 0.060547 0.970703 0.050781 0.998047 0.070312 0.998047
0 0.138672 0.841797 0.113281 0.841797 0.107422 0.853516 0.099609 0.855469 0.095703 0.869141 0.089844 0.871094 0.089844 0.894531 0.095703 0.896484 0.095703 0.904297 0.103516 0.916016 0.103516 0.931641 0.113281 0.931641 0.115234 0.925781 0.105469 0.878906 0.117188 0.875000 0.117188 0.869141 0.113281 0.867188 0.115234 0.861328 0.136719 0.861328 0.140625 0.857422
0 0.128906 0.822266 0.130859 0.833984 0.152344 0.837891 0.154297 0.828125 0.150391 0.820312 0.132812 0.818359
0 0.167969 0.792969 0.167969 0.802734 0.175781 0.808594 0.175781 0.812500 0.189453 0.812500 0.199219 0.802734 0.195312 0.792969
0 0.257812 0.724609 0.240234 0.722656 0.242188 0.736328 0.236328 0.746094 0.236328 0.759766 0.230469 0.763672 0.230469 0.787109 0.246094 0.781250 0.246094 0.765625 0.251953 0.759766 0.251953 0.744141 0.259766 0.742188
0 0.392578 0.595703 0.378906 0.597656 0.378906 0.603516 0.371094 0.613281 0.361328 0.613281 0.361328 0.621094 0.357422 0.625000 0.349609 0.625000 0.341797 0.632812 0.337891 0.642578 0.332031 0.644531 0.320312 0.671875 0.316406 0.671875 0.300781 0.687500 0.281250 0.691406 0.267578 0.705078 0.267578 0.722656 0.283203 0.720703 0.294922 0.710938 0.294922 0.701172 0.300781 0.693359 0.322266 0.689453 0.343750 0.673828 0.347656 0.656250 0.359375 0.650391 0.365234 0.634766 0.373047 0.628906 0.386719 0.626953 0.386719 0.621094 0.392578 0.617188
0 0.419922 0.576172 0.419922 0.587891 0.439453 0.585938 0.439453 0.576172
0 0.494141 0.513672 0.486328 0.507812 0.464844 0.511719 0.464844 0.517578 0.457031 0.529297 0.443359 0.537109 0.439453 0.544922 0.441406 0.560547 0.453125 0.562500 0.455078 0.552734 0.462891 0.550781 0.466797 0.535156 0.472656 0.529297 0.492188 0.521484
0 0.013672 0.275391 0.000000 0.281250 0.000000 0.353516 0.003906 0.353516 0.003906 0.328125 0.007812 0.324219 0.009766 0.300781 0.017578 0.294922 0.017578 0.279297
0 0.046875 0.191406 0.029297 0.191406 0.029297 0.197266 0.033203 0.199219 0.033203 0.212891 0.017578 0.216797 0.015625 0.236328 0.019531 0.242188 0.025391 0.242188 0.031250 0.236328 0.031250 0.214844 0.046875 0.208984
0 0.082031 0.156250 0.068359 0.154297 0.066406 0.162109 0.056641 0.171875 0.050781 0.171875 0.050781 0.185547 0.070312 0.191406 0.074219 0.177734 0.083984 0.166016
0 0.771484 0.113281 0.757812 0.113281 0.753906 0.128906 0.746094 0.134766 0.744141 0.150391 0.740234 0.152344 0.738281 0.201172 0.730469 0.207031 0.734375 0.216797 0.720703 0.222656 0.720703 0.228516 0.708984 0.246094 0.699219 0.250000 0.685547 0.271484 0.656250 0.275391 0.626953 0.294922 0.621094 0.322266 0.613281 0.326172 0.613281 0.353516 0.603516 0.363281 0.607422 0.382812 0.605469 0.394531 0.597656 0.400391 0.585938 0.400391 0.585938 0.416016 0.566406 0.433594 0.564453 0.455078 0.556641 0.460938 0.546875 0.460938 0.544922 0.476562 0.537109 0.486328 0.537109 0.501953 0.548828 0.501953 0.564453 0.480469 0.574219 0.482422 0.580078 0.441406 0.589844 0.439453 0.591797 0.425781 0.619141 0.402344 0.619141 0.365234 0.630859 0.359375 0.626953 0.335938 0.634766 0.332031 0.638672 0.322266 0.644531 0.320312 0.644531 0.310547 0.650391 0.306641 0.652344 0.298828 0.664062 0.291016 0.675781 0.291016 0.687500 0.281250 0.701172 0.281250 0.705078 0.271484 0.712891 0.267578 0.720703 0.253906 0.736328 0.244141 0.736328 0.222656 0.748047 0.218750 0.753906 0.197266 0.753906 0.167969 0.759766 0.162109 0.759766 0.152344 0.763672 0.150391 0.769531 0.134766 0.783203 0.130859 0.783203 0.121094
0 0.152344 0.033203 0.144531 0.033203 0.142578 0.046875 0.128906 0.050781 0.125000 0.062500 0.125000 0.082031 0.119141 0.080078 0.119141 0.068359 0.109375 0.068359 0.109375 0.095703 0.117188 0.097656 0.121094 0.103516 0.132812 0.103516 0.132812 0.095703 0.142578 0.093750 0.142578 0.074219 0.154297 0.070312 0.158203 0.064453 0.158203 0.037109
0 0.806641 0.000000 0.785156 0.000000 0.785156 0.007812 0.779297 0.009766 0.775391 0.029297 0.765625 0.037109 0.767578 0.052734 0.761719 0.058594 0.765625 0.101562 0.779297 0.111328 0.785156 0.111328 0.781250 0.068359 0.785156 0.064453 0.785156 0.054688 0.796875 0.048828 0.798828 0.017578 0.806641 0.007812
0 0.148438 0.000000 0.150391 0.007812 0.154297 0.009766 0.173828 0.003906 0.173828 0.000000
