0 0.910156 0.792969 0.908203 0.810547 0.917969 0.822266 0.931641 0.820312 0.939453 0.833984 0.951172 0.839844 0.951172 0.847656 0.970703 0.845703 0.972656 0.837891 0.994141 0.837891 0.998047 0.833984 0.998047 0.800781 0.990234 0.810547 0.980469 0.810547 0.976562 0.822266 0.964844 0.824219 0.953125 0.816406 0.953125 0.810547 0.949219 0.810547 0.935547 0.792969
0 0.207031 0.761719 0.207031 0.769531 0.216797 0.775391 0.251953 0.775391 0.271484 0.767578 0.269531 0.757812 0.257812 0.757812 0.255859 0.753906 0.214844 0.753906
0 0.431641 0.751953 0.423828 0.744141 0.392578 0.740234 0.390625 0.744141 0.361328 0.746094 0.349609 0.751953 0.332031 0.748047 0.322266 0.753906 0.322266 0.763672 0.328125 0.771484 0.345703 0.769531 0.347656 0.759766 0.353516 0.759766 0.355469 0.763672 0.373047 0.763672 0.378906 0.755859 0.388672 0.753906 0.394531 0.755859 0.394531 0.763672 0.414062 0.763672 0.416016 0.759766 0.431641 0.759766
0 0.113281 0.775391 0.105469 0.769531 0.089844 0.771484 0.087891 0.757812 0.076172 0.753906 0.070312 0.740234 0.056641 0.740234 0.056641 0.746094 0.046875 0.753906 0.046875 0.767578 0.035156 0.769531 0.035156 0.773438 0.025391 0.779297 0.025391 0.789062 0.017578 0.796875 0.000000 0.796875 0.000000 0.824219 0.011719 0.824219 0.017578 0.820312 0.017578 0.814453 0.027344 0.802734 0.031250 0.802734 0.035156 0.792969 0.070312 0.792969 0.089844 0.781250 0.095703 0.785156 0.113281 0.781250
0 0.687500 0.750000 0.687500 0.759766 0.712891 0.759766 0.720703 0.746094 0.728516 0.746094 0.738281 0.736328 0.757812 0.728516 0.775391 0.728516 0.781250 0.720703 0.796875 0.714844 0.814453 0.724609 0.835938 0.751953 0.853516 0.759766 0.865234 0.775391 0.876953 0.775391 0.884766 0.783203 0.896484 0.783203 0.900391 0.775391 0.900391 0.767578 0.890625 0.753906 0.873047 0.738281 0.859375 0.736328 0.843750 0.718750 0.832031 0.714844 0.820312 0.699219 0.808594 0.699219 0.802734 0.691406 0.792969 0.691406 0.791016 0.695312 0.781250 0.697266 0.775391 0.693359 0.775391 0.687500 0.753906 0.673828 0.746094 0.673828 0.746094 0.685547 0.751953 0.693359 0.750000 0.701172 0.746094 0.705078 0.736328 0.705078 0.732422 0.714844 0.714844 0.714844 0.712891 0.728516 0.705078 0.730469 0.705078 0.736328
0 0.109375 0.644531 0.113281 0.648438 0.128906 0.648438 0.132812 0.636719 0.142578 0.626953 0.167969 0.626953 0.173828 0.621094 0.189453 0.621094 0.207031 0.617188 0.208984 0.613281 0.242188 0.613281 0.246094 0.619141 0.277344 0.623047 0.298828 0.619141 0.312500 0.623047 0.351562 0.623047 0.353516 0.605469 0.339844 0.603516 0.335938 0.597656 0.291016 0.599609 0.287109 0.603516 0.271484 0.597656 0.222656 0.597656 0.214844 0.603516 0.177734 0.603516 0.173828 0.607422 0.152344 0.603516 0.146484 0.605469 0.142578 0.613281 0.136719 0.613281 0.119141 0.634766 0.109375 0.634766
0 0.414062 0.595703 0.394531 0.593750 0.365234 0.597656 0.361328 0.619141 0.392578 0.623047 0.398438 0.613281 0.414062 0.611328
0 0.443359 0.585938 0.443359 0.601562 0.449219 0.609375 0.460938 0.613281 0.496094 0.609375 0.503906 0.599609 0.507812 0.599609 0.507812 0.589844 0.482422 0.589844 0.476562 0.593750 0.474609 0.589844 0.464844 0.589844 0.462891 0.585938
0 0.527344 0.568359 0.529297 0.580078 0.552734 0.580078 0.552734 0.570312 0.546875 0.564453
0 0.613281 0.537109 0.615234 0.556641 0.625000 0.566406 0.628906 0.591797 0.654297 0.603516 0.656250 0.609375 0.683594 0.632812 0.683594 0.642578 0.687500 0.648438 0.699219 0.650391 0.708984 0.662109 0.726562 0.666016 0.728516 0.673828 0.734375 0.673828 0.740234 0.666016 0.746094 0.666016 0.744141 0.656250 0.738281 0.652344 0.722656 0.652344 0.703125 0.625000 0.687500 0.621094 0.683594 0.615234 0.683594 0.599609 0.669922 0.595703 0.656250 0.582031 0.652344 0.582031 0.644531 0.570312 0.644531 0.558594 0.621094 0.537109
0 0.035156 0.449219 0.033203 0.468750 0.037109 0.482422 0.042969 0.488281 0.058594 0.484375 0.052734 0.468750 0.052734 0.457031 0.048828 0.457031 0.042969 0.449219
