0 0.039062 0.994141 0.039062 0.998047 0.064453 0.998047 0.052734 0.996094 0.048828 0.990234
0 0.560547 0.869141 0.560547 0.888672 0.566406 0.900391 0.578125 0.900391 0.578125 0.890625 0.572266 0.884766 0.570312 0.871094
0 0.501953 0.826172 0.488281 0.826172 0.488281 0.841797 0.482422 0.845703 0.482422 0.861328 0.478516 0.867188 0.466797 0.869141 0.466797 0.875000 0.474609 0.876953 0.472656 0.884766 0.468750 0.886719 0.449219 0.880859 0.443359 0.892578 0.447266 0.916016 0.445312 0.923828 0.433594 0.931641 0.433594 0.970703 0.429688 0.972656 0.433594 0.990234 0.425781 0.998047 0.447266 0.998047 0.447266 0.972656 0.457031 0.964844 0.462891 0.953125 0.464844 0.919922 0.470703 0.910156 0.478516 0.910156 0.484375 0.904297 0.492188 0.882812 0.498047 0.847656 0.503906 0.843750
0 0.644531 0.779297 0.642578 0.791016 0.650391 0.792969 0.656250 0.802734 0.662109 0.802734 0.664062 0.779297
0 0.185547 0.683594 0.185547 0.710938 0.199219 0.710938 0.201172 0.705078 0.212891 0.705078 0.208984 0.689453 0.197266 0.687500 0.195312 0.683594
0 0.386719 0.476562 0.378906 0.488281 0.378906 0.494141 0.398438 0.494141 0.398438 0.478516
0 0.998047 0.287109 0.990234 0.294922 0.982422 0.294922 0.978516 0.298828 0.982422 0.312500 0.998047 0.312500
0 0.867188 0.183594 0.869141 0.203125 0.875000 0.203125 0.876953 0.183594
0 0.812500 0.099609 0.783203 0.105469 0.775391 0.126953 0.765625 0.136719 0.742188 0.144531 0.730469 0.144531 0.724609 0.183594 0.712891 0.173828 0.712891 0.169922 0.703125 0.169922 0.707031 0.179688 0.705078 0.216797 0.691406 0.228516 0.689453 0.238281 0.675781 0.240234 0.632812 0.273438 0.632812 0.291016 0.638672 0.300781 0.634766 0.316406 0.648438 0.335938 0.652344 0.351562 0.646484 0.384766 0.634766 0.392578 0.636719 0.416016 0.646484 0.423828 0.623047 0.449219 0.609375 0.492188 0.605469 0.496094 0.597656 0.496094 0.593750 0.525391 0.578125 0.533203 0.576172 0.570312 0.564453 0.578125 0.566406 0.630859 0.562500 0.640625 0.578125 0.656250 0.578125 0.679688 0.589844 0.685547 0.593750 0.697266 0.572266 0.742188 0.562500 0.751953 0.529297 0.771484 0.527344 0.783203 0.533203 0.783203 0.535156 0.787109 0.527344 0.791016 0.527344 0.806641 0.519531 0.810547 0.519531 0.822266 0.531250 0.820312 0.533203 0.806641 0.548828 0.796875 0.564453 0.767578 0.582031 0.761719 0.582031 0.751953 0.611328 0.705078 0.609375 0.677734 0.595703 0.669922 0.595703 0.660156 0.582031 0.652344 0.578125 0.599609 0.587891 0.593750 0.591797 0.554688 0.609375 0.544922 0.613281 0.511719 0.626953 0.486328 0.640625 0.478516 0.642578 0.460938 0.658203 0.439453 0.658203 0.394531 0.666016 0.376953 0.667969 0.343750 0.666016 0.320312 0.652344 0.296875 0.652344 0.277344 0.660156 0.267578 0.689453 0.259766 0.740234 0.189453 0.744141 0.160156 0.781250 0.146484 0.781250 0.138672 0.802734 0.125000
0 0.554688 0.021484 0.554688 0.042969 0.568359 0.041016 0.568359 0.027344
0 0.904297 0.000000 0.882812 0.000000 0.884766 0.017578 0.880859 0.019531 0.878906 0.035156 0.865234 0.042969 0.847656 0.066406 0.839844 0.066406 0.841797 0.080078 0.837891 0.093750 0.832031 0.099609 0.832031 0.111328 0.851562 0.113281 0.861328 0.103516 0.859375 0.089844 0.855469 0.087891 0.861328 0.082031 0.861328 0.070312 0.878906 0.048828 0.890625 0.048828 0.896484 0.033203 0.896484 0.013672 0.900391 0.011719
