0 0.923828 0.960938 0.925781 0.988281 0.935547 0.988281 0.931641 0.978516 0.931641 0.962891
0 0.449219 0.699219 0.449219 0.720703 0.457031 0.720703 0.457031 0.699219
0 0.152344 0.703125 0.152344 0.720703 0.158203 0.720703 0.160156 0.724609 0.173828 0.720703 0.173828 0.708984 0.166016 0.707031 0.166016 0.699219
0 0.607422 0.697266 0.607422 0.720703 0.613281 0.722656 0.625000 0.750000 0.640625 0.753906 0.646484 0.761719 0.664062 0.767578 0.673828 0.781250 0.693359 0.785156 0.697266 0.798828 0.705078 0.800781 0.722656 0.816406 0.722656 0.820312 0.753906 0.824219 0.757812 0.830078 0.769531 0.830078 0.775391 0.837891 0.787109 0.837891 0.800781 0.855469 0.808594 0.855469 0.822266 0.884766 0.835938 0.900391 0.849609 0.908203 0.863281 0.925781 0.871094 0.943359 0.876953 0.974609 0.890625 0.974609 0.894531 0.947266 0.882812 0.931641 0.882812 0.906250 0.876953 0.898438 0.863281 0.896484 0.861328 0.884766 0.855469 0.880859 0.855469 0.873047 0.863281 0.869141 0.865234 0.863281 0.855469 0.865234 0.845703 0.849609 0.839844 0.849609 0.816406 0.832031 0.808594 0.832031 0.804688 0.824219 0.794922 0.824219 0.789062 0.816406 0.769531 0.814453 0.767578 0.810547 0.753906 0.806641 0.736328 0.787109 0.730469 0.787109 0.720703 0.779297 0.720703 0.771484 0.705078 0.771484 0.697266 0.757812 0.685547 0.757812 0.679688 0.750000 0.662109 0.746094 0.634766 0.714844 0.626953 0.712891 0.623047 0.699219
0 0.593750 0.660156 0.591797 0.675781 0.595703 0.683594 0.601562 0.683594 0.601562 0.660156
0 0.292969 0.570312 0.294922 0.587891 0.304688 0.591797 0.322266 0.591797 0.326172 0.587891 0.324219 0.576172 0.308594 0.572266 0.306641 0.568359
0 0.457031 0.527344 0.457031 0.548828 0.460938 0.550781 0.460938 0.564453 0.464844 0.566406 0.460938 0.582031 0.472656 0.595703 0.501953 0.595703 0.515625 0.605469 0.515625 0.613281 0.523438 0.621094 0.527344 0.636719 0.533203 0.640625 0.537109 0.652344 0.542969 0.654297 0.544922 0.662109 0.552734 0.662109 0.556641 0.658203 0.552734 0.638672 0.560547 0.628906 0.564453 0.628906 0.564453 0.619141 0.552734 0.611328 0.548828 0.601562 0.539062 0.595703 0.539062 0.589844 0.531250 0.585938 0.517578 0.568359 0.503906 0.564453 0.498047 0.554688 0.490234 0.554688 0.470703 0.533203 0.470703 0.527344
0 0.246094 0.373047 0.250000 0.382812 0.263672 0.386719 0.267578 0.392578 0.273438 0.392578 0.285156 0.400391 0.308594 0.433594 0.345703 0.455078 0.359375 0.470703 0.363281 0.470703 0.380859 0.488281 0.380859 0.494141 0.386719 0.496094 0.386719 0.505859 0.396484 0.517578 0.408203 0.523438 0.417969 0.521484 0.423828 0.509766 0.423828 0.492188 0.412109 0.488281 0.392578 0.468750 0.392578 0.464844 0.386719 0.462891 0.382812 0.451172 0.367188 0.447266 0.361328 0.439453 0.355469 0.439453 0.353516 0.433594 0.316406 0.423828 0.308594 0.408203 0.306641 0.394531 0.298828 0.386719 0.292969 0.386719 0.281250 0.373047
0 0.070312 0.271484 0.066406 0.296875 0.080078 0.298828 0.097656 0.310547 0.101562 0.330078 0.113281 0.335938 0.113281 0.351562 0.123047 0.365234 0.150391 0.365234 0.152344 0.361328 0.166016 0.361328 0.167969 0.365234 0.181641 0.369141 0.197266 0.382812 0.228516 0.382812 0.228516 0.373047 0.218750 0.369141 0.214844 0.363281 0.197266 0.359375 0.173828 0.343750 0.160156 0.347656 0.152344 0.341797 0.150391 0.332031 0.146484 0.332031 0.126953 0.312500 0.119141 0.298828 0.095703 0.281250 0.093750 0.271484 0.087891 0.267578 0.074219 0.267578
0 0.000000 0.240234 0.000000 0.259766 0.005859 0.263672 0.011719 0.263672 0.013672 0.259766 0.023438 0.261719 0.025391 0.273438 0.033203 0.279297 0.037109 0.291016 0.054688 0.291016 0.056641 0.279297 0.052734 0.277344 0.052734 0.269531 0.056641 0.267578 0.056641 0.257812 0.048828 0.250000 0.013672 0.246094 0.011719 0.240234
0 0.000000 0.167969 0.000000 0.193359 0.005859 0.193359 0.003906 0.167969
