0 0.998047 0.837891 0.976562 0.841797 0.974609 0.853516 0.978516 0.855469 0.978516 0.861328 0.998047 0.863281
0 0.798828 0.830078 0.787109 0.832031 0.785156 0.839844 0.777344 0.841797 0.779297 0.859375 0.794922 0.861328 0.800781 0.845703
0 0.214844 0.789062 0.214844 0.798828 0.242188 0.802734 0.244141 0.785156
0 0.638672 0.705078 0.638672 0.728516 0.652344 0.738281 0.656250 0.750000 0.675781 0.767578 0.693359 0.767578 0.701172 0.773438 0.740234 0.773438 0.746094 0.781250 0.800781 0.816406 0.800781 0.824219 0.835938 0.824219 0.839844 0.828125 0.841797 0.847656 0.855469 0.847656 0.865234 0.861328 0.896484 0.863281 0.900391 0.869141 0.919922 0.869141 0.923828 0.873047 0.945312 0.873047 0.947266 0.869141 0.953125 0.869141 0.953125 0.861328 0.943359 0.849609 0.933594 0.849609 0.925781 0.841797 0.888672 0.841797 0.876953 0.837891 0.873047 0.832031 0.865234 0.832031 0.847656 0.808594 0.828125 0.806641 0.824219 0.800781 0.808594 0.800781 0.792969 0.792969 0.783203 0.779297 0.759766 0.761719 0.744141 0.761719 0.740234 0.753906 0.732422 0.753906 0.728516 0.761719 0.720703 0.761719 0.705078 0.748047 0.673828 0.738281 0.648438 0.705078
0 0.228516 0.533203 0.230469 0.546875 0.236328 0.550781 0.275391 0.550781 0.296875 0.542969 0.314453 0.564453 0.326172 0.572266 0.355469 0.570312 0.359375 0.564453 0.416016 0.564453 0.425781 0.583984 0.439453 0.595703 0.447266 0.595703 0.451172 0.601562 0.457031 0.601562 0.460938 0.595703 0.476562 0.597656 0.486328 0.605469 0.492188 0.621094 0.517578 0.626953 0.542969 0.646484 0.546875 0.658203 0.560547 0.658203 0.574219 0.669922 0.593750 0.675781 0.599609 0.683594 0.611328 0.683594 0.613281 0.689453 0.625000 0.697266 0.640625 0.697266 0.640625 0.687500 0.626953 0.677734 0.626953 0.667969 0.619141 0.660156 0.574219 0.644531 0.546875 0.626953 0.539062 0.613281 0.511719 0.605469 0.498047 0.597656 0.484375 0.578125 0.457031 0.582031 0.443359 0.566406 0.431641 0.560547 0.431641 0.550781 0.423828 0.542969 0.371094 0.542969 0.351562 0.558594 0.335938 0.558594 0.322266 0.541016 0.322266 0.535156 0.298828 0.519531 0.289062 0.525391 0.242188 0.525391
0 0.119141 0.519531 0.121094 0.539062 0.126953 0.539062 0.128906 0.542969 0.146484 0.542969 0.152344 0.552734 0.166016 0.552734 0.175781 0.560547 0.212891 0.560547 0.214844 0.556641 0.212891 0.542969 0.207031 0.533203 0.167969 0.533203 0.158203 0.519531 0.146484 0.519531 0.144531 0.515625 0.123047 0.515625
0 0.000000 0.464844 0.000000 0.486328 0.011719 0.484375 0.029297 0.474609 0.041016 0.474609 0.050781 0.478516 0.074219 0.478516 0.082031 0.488281 0.093750 0.488281 0.099609 0.498047 0.113281 0.498047 0.119141 0.494141 0.119141 0.480469 0.105469 0.472656 0.095703 0.460938 0.087891 0.460938 0.085938 0.457031 0.064453 0.457031 0.058594 0.451172 0.029297 0.451172 0.013672 0.457031 0.005859 0.464844
0 0.066406 0.361328 0.066406 0.369141 0.080078 0.369141 0.082031 0.375000 0.091797 0.371094 0.091797 0.361328 0.087891 0.355469 0.076172 0.355469 0.074219 0.359375
0 0.732422 0.292969 0.730469 0.304688 0.736328 0.308594 0.738281 0.316406 0.751953 0.316406 0.750000 0.298828 0.742188 0.292969
0 0.253906 0.074219 0.253906 0.080078 0.250000 0.082031 0.251953 0.101562 0.283203 0.101562 0.287109 0.095703 0.285156 0.078125
