0 0.697266 0.902344 0.695312 0.919922 0.705078 0.923828 0.705078 0.902344
0 0.751953 0.873047 0.748047 0.876953 0.748047 0.888672 0.761719 0.904297 0.775391 0.906250 0.775391 0.927734 0.785156 0.935547 0.785156 0.955078 0.796875 0.968750 0.814453 0.978516 0.818359 0.984375 0.828125 0.986328 0.833984 0.998047 0.865234 0.998047 0.843750 0.964844 0.828125 0.951172 0.818359 0.951172 0.814453 0.943359 0.806641 0.939453 0.806641 0.933594 0.792969 0.923828 0.791016 0.908203 0.785156 0.904297 0.781250 0.880859
0 0.675781 0.779297 0.673828 0.791016 0.677734 0.798828 0.685547 0.798828 0.691406 0.804688 0.691406 0.814453 0.708984 0.833984 0.724609 0.837891 0.730469 0.859375 0.744141 0.865234 0.744141 0.830078 0.730469 0.826172 0.720703 0.810547 0.716797 0.810547 0.710938 0.800781 0.697266 0.791016 0.697266 0.785156 0.689453 0.783203 0.689453 0.779297
0 0.636719 0.748047 0.636719 0.757812 0.644531 0.767578 0.656250 0.769531 0.656250 0.761719 0.648438 0.750000
0 0.585938 0.638672 0.585938 0.652344 0.589844 0.658203 0.603516 0.662109 0.605469 0.666016 0.619141 0.666016 0.638672 0.689453 0.648438 0.689453 0.652344 0.679688 0.650391 0.664062 0.636719 0.660156 0.634766 0.656250 0.615234 0.656250 0.603516 0.644531 0.595703 0.642578 0.593750 0.638672
0 0.197266 0.556641 0.197266 0.564453 0.191406 0.566406 0.191406 0.587891 0.201172 0.599609 0.214844 0.601562 0.214844 0.591797 0.224609 0.580078 0.224609 0.564453 0.220703 0.558594 0.214844 0.558594 0.214844 0.562500 0.208984 0.564453 0.205078 0.556641
0 0.404297 0.529297 0.404297 0.539062 0.412109 0.560547 0.416016 0.560547 0.421875 0.570312 0.447266 0.574219 0.457031 0.582031 0.462891 0.582031 0.472656 0.595703 0.503906 0.613281 0.531250 0.613281 0.529297 0.603516 0.519531 0.603516 0.517578 0.597656 0.496094 0.593750 0.482422 0.576172 0.464844 0.564453 0.464844 0.558594 0.460938 0.558594 0.457031 0.550781 0.441406 0.550781 0.435547 0.537109 0.427734 0.537109 0.423828 0.527344
0 0.167969 0.488281 0.167969 0.494141 0.175781 0.498047 0.175781 0.507812 0.183594 0.509766 0.191406 0.544922 0.205078 0.546875 0.207031 0.515625 0.203125 0.490234 0.179688 0.486328
0 0.089844 0.441406 0.089844 0.457031 0.109375 0.458984 0.117188 0.466797 0.128906 0.468750 0.126953 0.457031 0.113281 0.453125 0.105469 0.443359
0 0.353516 0.433594 0.351562 0.447266 0.363281 0.464844 0.363281 0.470703 0.369141 0.472656 0.373047 0.486328 0.376953 0.488281 0.380859 0.509766 0.386719 0.513672 0.400391 0.511719 0.404297 0.494141 0.396484 0.488281 0.394531 0.474609 0.382812 0.462891 0.382812 0.447266 0.376953 0.433594
0 0.000000 0.373047 0.000000 0.400391 0.003906 0.400391 0.017578 0.417969 0.048828 0.425781 0.050781 0.431641 0.062500 0.435547 0.064453 0.439453 0.078125 0.439453 0.074219 0.425781 0.066406 0.425781 0.058594 0.417969 0.050781 0.417969 0.048828 0.412109 0.033203 0.408203 0.017578 0.390625 0.003906 0.384766 0.003906 0.373047
0 0.267578 0.371094 0.267578 0.408203 0.277344 0.416016 0.292969 0.439453 0.308594 0.439453 0.308594 0.427734 0.300781 0.425781 0.277344 0.398438 0.277344 0.375000
0 0.197266 0.208984 0.197266 0.218750 0.201172 0.222656 0.205078 0.242188 0.208984 0.244141 0.210938 0.259766 0.222656 0.265625 0.222656 0.283203 0.228516 0.283203 0.244141 0.292969 0.246094 0.320312 0.251953 0.330078 0.257812 0.332031 0.261719 0.347656 0.269531 0.347656 0.273438 0.324219 0.267578 0.322266 0.267578 0.316406 0.251953 0.292969 0.246094 0.291016 0.246094 0.279297 0.240234 0.277344 0.232422 0.263672 0.222656 0.255859 0.220703 0.232422 0.214844 0.230469 0.214844 0.216797 0.210938 0.208984
0 0.105469 0.064453 0.105469 0.087891 0.113281 0.101562 0.123047 0.103516 0.117188 0.068359 0.113281 0.064453
0 0.902344 0.060547 0.902344 0.072266 0.896484 0.074219 0.902344 0.099609 0.912109 0.113281 0.931641 0.111328 0.931641 0.099609 0.919922 0.099609 0.908203 0.093750 0.906250 0.074219 0.912109 0.070312 0.910156 0.060547
