0 0.380859 0.951172 0.373047 0.957031 0.373047 0.998047 0.400391 0.998047 0.400391 0.968750 0.396484 0.966797 0.396484 0.955078 0.392578 0.951172
0 0.888672 0.912109 0.894531 0.925781 0.908203 0.925781 0.908203 0.917969 0.900391 0.912109
0 0.929688 0.824219 0.902344 0.820312 0.902344 0.849609 0.912109 0.849609 0.916016 0.833984 0.929688 0.833984
0 0.949219 0.707031 0.941406 0.707031 0.937500 0.736328 0.925781 0.738281 0.927734 0.767578 0.921875 0.773438 0.923828 0.785156 0.931641 0.785156 0.933594 0.779297 0.941406 0.775391 0.939453 0.765625 0.943359 0.763672 0.943359 0.753906 0.939453 0.751953 0.939453 0.746094 0.953125 0.738281
0 0.519531 0.667969 0.511719 0.667969 0.501953 0.685547 0.488281 0.691406 0.484375 0.705078 0.498047 0.710938 0.511719 0.701172 0.521484 0.685547
0 0.484375 0.628906 0.474609 0.628906 0.468750 0.638672 0.460938 0.638672 0.460938 0.658203 0.445312 0.669922 0.441406 0.726562 0.449219 0.730469 0.449219 0.759766 0.443359 0.761719 0.443359 0.773438 0.449219 0.777344 0.449219 0.806641 0.453125 0.808594 0.455078 0.822266 0.449219 0.828125 0.449219 0.833984 0.439453 0.839844 0.443359 0.855469 0.451172 0.855469 0.457031 0.845703 0.460938 0.863281 0.451172 0.873047 0.437500 0.871094 0.431641 0.857422 0.417969 0.859375 0.417969 0.873047 0.412109 0.876953 0.412109 0.892578 0.386719 0.894531 0.386719 0.904297 0.390625 0.908203 0.406250 0.906250 0.412109 0.900391 0.423828 0.900391 0.429688 0.906250 0.429688 0.917969 0.435547 0.917969 0.439453 0.914062 0.441406 0.900391 0.449219 0.894531 0.451172 0.884766 0.462891 0.882812 0.462891 0.878906 0.474609 0.869141 0.476562 0.861328 0.494141 0.861328 0.494141 0.849609 0.488281 0.845703 0.488281 0.839844 0.478516 0.837891 0.478516 0.824219 0.470703 0.816406 0.474609 0.810547 0.474609 0.785156 0.470703 0.781250 0.470703 0.765625 0.466797 0.763672 0.466797 0.746094 0.472656 0.740234 0.472656 0.734375 0.462891 0.726562 0.462891 0.720703 0.457031 0.714844 0.460938 0.685547 0.470703 0.673828 0.470703 0.660156 0.466797 0.656250 0.490234 0.640625 0.490234 0.634766
0 0.998047 0.576172 0.992188 0.582031 0.992188 0.587891 0.986328 0.593750 0.980469 0.593750 0.980469 0.601562 0.972656 0.607422 0.972656 0.626953 0.986328 0.644531 0.988281 0.662109 0.994141 0.662109 0.994141 0.644531 0.986328 0.615234 0.994141 0.613281 0.994141 0.603516 0.998047 0.599609
0 0.570312 0.537109 0.558594 0.541016 0.558594 0.544922 0.550781 0.550781 0.550781 0.556641 0.537109 0.568359 0.535156 0.576172 0.519531 0.580078 0.519531 0.591797 0.527344 0.591797 0.529297 0.595703 0.537109 0.597656 0.535156 0.630859 0.527344 0.644531 0.527344 0.658203 0.533203 0.662109 0.539062 0.662109 0.541016 0.636719 0.548828 0.634766 0.548828 0.607422 0.542969 0.599609 0.542969 0.591797 0.556641 0.587891 0.560547 0.576172 0.570312 0.574219 0.578125 0.564453 0.578125 0.550781
0 0.708984 0.398438 0.699219 0.398438 0.695312 0.406250 0.697266 0.417969 0.695312 0.427734 0.691406 0.429688 0.689453 0.451172 0.679688 0.451172 0.675781 0.455078 0.650391 0.453125 0.642578 0.464844 0.634766 0.466797 0.632812 0.482422 0.621094 0.484375 0.603516 0.501953 0.585938 0.505859 0.585938 0.513672 0.599609 0.533203 0.611328 0.531250 0.613281 0.519531 0.636719 0.501953 0.640625 0.490234 0.658203 0.484375 0.658203 0.476562 0.675781 0.462891 0.689453 0.458984 0.691406 0.451172 0.714844 0.453125 0.716797 0.433594 0.712891 0.425781 0.712891 0.402344
0 0.722656 0.378906 0.750000 0.373047 0.750000 0.363281 0.730469 0.359375 0.722656 0.369141
0 0.830078 0.279297 0.824219 0.279297 0.822266 0.275391 0.802734 0.277344 0.796875 0.304688 0.794922 0.341797 0.783203 0.355469 0.777344 0.355469 0.769531 0.347656 0.761719 0.347656 0.761719 0.361328 0.767578 0.361328 0.769531 0.365234 0.802734 0.361328 0.802734 0.345703 0.808594 0.337891 0.812500 0.337891 0.814453 0.314453 0.820312 0.312500 0.820312 0.291016 0.824219 0.285156 0.830078 0.285156
0 0.900391 0.013672 0.888672 0.013672 0.878906 0.021484 0.871094 0.064453 0.863281 0.074219 0.863281 0.080078 0.843750 0.082031 0.832031 0.089844 0.830078 0.095703 0.818359 0.097656 0.816406 0.105469 0.808594 0.113281 0.806641 0.162109 0.814453 0.167969 0.818359 0.224609 0.824219 0.228516 0.818359 0.234375 0.818359 0.244141 0.828125 0.259766 0.841797 0.259766 0.841797 0.244141 0.837891 0.240234 0.837891 0.222656 0.841797 0.220703 0.841797 0.214844 0.837891 0.210938 0.837891 0.199219 0.833984 0.197266 0.833984 0.183594 0.816406 0.162109 0.816406 0.156250 0.824219 0.144531 0.822266 0.121094 0.830078 0.105469 0.847656 0.101562 0.853516 0.093750 0.876953 0.091797 0.884766 0.083984 0.892578 0.035156 0.900391 0.031250
