0 0.529297 0.792969 0.523438 0.796875 0.519531 0.828125 0.525391 0.828125
0 0.312500 0.705078 0.281250 0.707031 0.281250 0.710938 0.298828 0.712891 0.302734 0.708984 0.312500 0.708984
0 0.273438 0.705078 0.253906 0.707031 0.248047 0.712891 0.230469 0.714844 0.214844 0.751953 0.183594 0.791016 0.150391 0.824219 0.138672 0.832031 0.130859 0.832031 0.097656 0.873047 0.076172 0.892578 0.072266 0.902344 0.076172 0.917969 0.066406 0.925781 0.066406 0.931641 0.060547 0.933594 0.056641 0.943359 0.042969 0.957031 0.041016 0.968750 0.029297 0.982422 0.025391 0.998047 0.031250 0.998047 0.033203 0.988281 0.048828 0.966797 0.048828 0.960938 0.064453 0.945312 0.076172 0.925781 0.087891 0.916016 0.099609 0.892578 0.095703 0.884766 0.109375 0.882812 0.103516 0.873047 0.119141 0.859375 0.125000 0.847656 0.130859 0.845703 0.136719 0.835938 0.146484 0.833984 0.162109 0.822266 0.193359 0.789062 0.220703 0.753906 0.236328 0.718750 0.253906 0.716797 0.273438 0.708984
0 0.427734 0.697266 0.416016 0.695312 0.363281 0.705078 0.332031 0.707031 0.332031 0.712891 0.345703 0.708984 0.357422 0.710938 0.384766 0.705078 0.404297 0.705078 0.417969 0.699219 0.427734 0.701172
0 0.644531 0.503906 0.646484 0.525391 0.666016 0.523438 0.656250 0.505859
0 0.443359 0.509766 0.443359 0.513672 0.449219 0.515625 0.449219 0.531250 0.455078 0.531250 0.462891 0.517578 0.472656 0.517578 0.478516 0.513672 0.478516 0.505859 0.484375 0.503906 0.486328 0.533203 0.490234 0.533203 0.492188 0.515625 0.496094 0.513672 0.496094 0.500000 0.490234 0.500000 0.486328 0.494141 0.464844 0.494141 0.460938 0.501953 0.449219 0.501953 0.449219 0.507812
0 0.548828 0.478516 0.537109 0.480469 0.535156 0.490234 0.511719 0.496094 0.511719 0.519531 0.517578 0.519531 0.519531 0.500000 0.537109 0.500000 0.531250 0.503906 0.531250 0.513672 0.542969 0.505859 0.548828 0.505859 0.550781 0.509766 0.560547 0.505859 0.558594 0.492188 0.552734 0.496094 0.546875 0.494141
0 0.330078 0.474609 0.330078 0.519531 0.333984 0.519531 0.335938 0.513672 0.351562 0.513672 0.353516 0.503906 0.369141 0.503906 0.382812 0.511719 0.382812 0.523438 0.375000 0.525391 0.378906 0.533203 0.406250 0.533203 0.402344 0.527344 0.404297 0.521484 0.419922 0.533203 0.425781 0.529297 0.437500 0.531250 0.437500 0.507812 0.441406 0.505859 0.441406 0.500000 0.431641 0.501953 0.431641 0.525391 0.427734 0.525391 0.425781 0.519531 0.417969 0.523438 0.414062 0.511719 0.410156 0.511719 0.408203 0.517578 0.396484 0.519531 0.394531 0.511719 0.386719 0.511719 0.382812 0.498047 0.392578 0.496094 0.392578 0.492188 0.378906 0.492188 0.375000 0.500000 0.369141 0.500000 0.367188 0.492188 0.363281 0.492188 0.361328 0.501953 0.347656 0.500000 0.345703 0.503906 0.337891 0.503906 0.333984 0.474609
0 0.582031 0.449219 0.568359 0.449219 0.566406 0.474609 0.570312 0.478516 0.580078 0.476562 0.583984 0.470703 0.582031 0.458984 0.587891 0.457031 0.587891 0.453125
0 0.669922 0.308594 0.660156 0.308594 0.660156 0.320312 0.652344 0.324219 0.644531 0.337891 0.636719 0.341797 0.625000 0.357422 0.613281 0.416016 0.607422 0.419922 0.609375 0.433594 0.603516 0.490234 0.595703 0.496094 0.597656 0.509766 0.589844 0.511719 0.587891 0.562500 0.574219 0.593750 0.564453 0.648438 0.558594 0.652344 0.556641 0.660156 0.521484 0.681641 0.519531 0.687500 0.507812 0.697266 0.468750 0.699219 0.462891 0.703125 0.453125 0.703125 0.453125 0.707031 0.511719 0.701172 0.519531 0.697266 0.527344 0.685547 0.548828 0.673828 0.552734 0.667969 0.564453 0.664062 0.572266 0.644531 0.576172 0.605469 0.595703 0.556641 0.595703 0.539062 0.601562 0.531250 0.607422 0.531250 0.607422 0.527344 0.613281 0.525391 0.613281 0.501953 0.619141 0.498047 0.626953 0.501953 0.625000 0.492188 0.619141 0.496094 0.611328 0.496094 0.607422 0.492188 0.611328 0.478516 0.613281 0.427734 0.619141 0.416016 0.619141 0.402344 0.626953 0.386719 0.626953 0.365234 0.650391 0.341797 0.662109 0.326172 0.664062 0.316406 0.669922 0.314453
0 0.708984 0.289062 0.687500 0.300781 0.687500 0.306641 0.697266 0.304688 0.708984 0.294922
0 0.736328 0.285156 0.726562 0.285156 0.722656 0.291016 0.716797 0.291016 0.716797 0.294922 0.724609 0.296875 0.734375 0.291016
0 0.837891 0.000000 0.832031 0.000000 0.830078 0.048828 0.826172 0.052734 0.824219 0.078125 0.818359 0.083984 0.810547 0.144531 0.812500 0.173828 0.802734 0.203125 0.804688 0.230469 0.800781 0.244141 0.781250 0.261719 0.763672 0.261719 0.761719 0.279297 0.755859 0.285156 0.744141 0.285156 0.744141 0.291016 0.763672 0.289062 0.767578 0.285156 0.767578 0.269531 0.779297 0.263672 0.789062 0.263672 0.791016 0.257812 0.802734 0.250000 0.808594 0.238281 0.808594 0.199219 0.814453 0.193359 0.814453 0.175781 0.818359 0.167969 0.816406 0.150391 0.820312 0.103516 0.830078 0.080078 0.837891 0.027344
