0 0.025391 0.972656 0.011719 0.972656 0.000000 0.990234 0.000000 0.998047 0.011719 0.998047 0.025391 0.986328
0 0.052734 0.912109 0.042969 0.914062 0.033203 0.929688 0.033203 0.941406 0.042969 0.947266 0.048828 0.947266 0.060547 0.929688 0.060547 0.921875
0 0.876953 0.845703 0.876953 0.861328 0.884766 0.861328 0.886719 0.869141 0.892578 0.869141 0.892578 0.849609 0.888672 0.845703
0 0.095703 0.818359 0.087891 0.818359 0.082031 0.828125 0.066406 0.832031 0.064453 0.865234 0.070312 0.869141 0.087891 0.869141 0.087891 0.863281 0.093750 0.861328 0.095703 0.849609 0.091797 0.845703 0.089844 0.830078 0.095703 0.826172
0 0.166016 0.775391 0.134766 0.775391 0.128906 0.779297 0.126953 0.785156 0.121094 0.785156 0.119141 0.792969 0.113281 0.792969 0.113281 0.812500 0.123047 0.812500 0.123047 0.796875 0.136719 0.794922 0.148438 0.806641 0.156250 0.806641 0.160156 0.798828 0.167969 0.798828
0 0.253906 0.769531 0.248047 0.769531 0.246094 0.789062 0.240234 0.792969 0.240234 0.806641 0.250000 0.806641 0.255859 0.783203
0 0.191406 0.765625 0.191406 0.775391 0.207031 0.791016 0.220703 0.789062 0.220703 0.769531 0.214844 0.769531 0.208984 0.761719 0.197266 0.761719
0 0.232422 0.726562 0.230469 0.744141 0.238281 0.746094 0.244141 0.753906 0.273438 0.753906 0.277344 0.750000 0.277344 0.740234 0.263672 0.728516 0.263672 0.716797 0.251953 0.716797 0.248047 0.722656 0.236328 0.722656
0 0.289062 0.691406 0.291016 0.705078 0.312500 0.705078 0.316406 0.701172 0.318359 0.683594 0.298828 0.683594
0 0.712891 0.501953 0.697266 0.496094 0.693359 0.501953 0.679688 0.503906 0.675781 0.513672 0.667969 0.519531 0.640625 0.519531 0.636719 0.523438 0.613281 0.527344 0.609375 0.535156 0.599609 0.537109 0.593750 0.548828 0.582031 0.550781 0.576172 0.558594 0.560547 0.564453 0.554688 0.580078 0.539062 0.597656 0.488281 0.597656 0.486328 0.593750 0.474609 0.593750 0.460938 0.585938 0.429688 0.585938 0.412109 0.597656 0.378906 0.595703 0.369141 0.605469 0.341797 0.621094 0.337891 0.632812 0.328125 0.638672 0.324219 0.664062 0.332031 0.667969 0.345703 0.666016 0.355469 0.644531 0.365234 0.640625 0.365234 0.636719 0.386719 0.619141 0.404297 0.617188 0.406250 0.613281 0.421875 0.613281 0.425781 0.609375 0.458984 0.609375 0.464844 0.617188 0.472656 0.617188 0.482422 0.626953 0.492188 0.626953 0.496094 0.630859 0.539062 0.630859 0.550781 0.613281 0.560547 0.613281 0.564453 0.609375 0.568359 0.595703 0.578125 0.595703 0.585938 0.583984 0.597656 0.578125 0.605469 0.562500 0.634766 0.560547 0.646484 0.548828 0.673828 0.546875 0.687500 0.533203 0.701172 0.533203 0.707031 0.525391 0.714844 0.525391
0 0.722656 0.488281 0.722656 0.494141 0.734375 0.511719 0.775391 0.507812 0.779297 0.501953 0.789062 0.501953 0.802734 0.507812 0.816406 0.492188 0.818359 0.482422 0.822266 0.478516 0.830078 0.478516 0.832031 0.494141 0.843750 0.507812 0.851562 0.507812 0.857422 0.517578 0.869141 0.517578 0.871094 0.511719 0.900391 0.511719 0.925781 0.501953 0.931641 0.507812 0.939453 0.507812 0.947266 0.498047 0.972656 0.494141 0.972656 0.488281 0.964844 0.484375 0.964844 0.474609 0.955078 0.470703 0.894531 0.474609 0.882812 0.482422 0.878906 0.478516 0.859375 0.478516 0.847656 0.470703 0.824219 0.470703 0.816406 0.464844 0.785156 0.464844 0.781250 0.472656 0.730469 0.472656
0 0.968750 0.464844 0.968750 0.476562 0.978516 0.478516 0.988281 0.492188 0.998047 0.488281 0.998047 0.460938
