0 0.867188 0.937500 0.873047 0.968750 0.871094 0.980469 0.873047 0.986328 0.880859 0.986328 0.882812 0.964844 0.876953 0.962891 0.880859 0.951172 0.876953 0.949219 0.876953 0.939453
0 0.736328 0.886719 0.730469 0.886719 0.728516 0.896484 0.734375 0.923828 0.724609 0.937500 0.722656 0.960938 0.718750 0.962891 0.722656 0.980469 0.720703 0.998047 0.736328 0.998047 0.732422 0.955078 0.736328 0.953125 0.736328 0.941406 0.742188 0.935547 0.742188 0.917969 0.736328 0.914062
0 0.037109 0.753906 0.039062 0.771484 0.042969 0.775391 0.052734 0.775391 0.048828 0.753906
0 0.566406 0.558594 0.550781 0.558594 0.542969 0.566406 0.542969 0.580078 0.537109 0.583984 0.537109 0.595703 0.541016 0.595703 0.548828 0.609375 0.558594 0.615234 0.558594 0.634766 0.564453 0.640625 0.558594 0.693359 0.542969 0.708984 0.541016 0.736328 0.537109 0.738281 0.537109 0.751953 0.544922 0.755859 0.546875 0.769531 0.541016 0.824219 0.542969 0.859375 0.531250 0.871094 0.521484 0.875000 0.515625 0.886719 0.505859 0.886719 0.505859 0.912109 0.511719 0.916016 0.511719 0.957031 0.519531 0.976562 0.533203 0.990234 0.533203 0.998047 0.546875 0.998047 0.546875 0.988281 0.539062 0.980469 0.539062 0.972656 0.533203 0.968750 0.521484 0.921875 0.533203 0.904297 0.533203 0.892578 0.544922 0.882812 0.548828 0.873047 0.564453 0.861328 0.564453 0.839844 0.560547 0.835938 0.564453 0.771484 0.556641 0.759766 0.556641 0.726562 0.572266 0.705078 0.572266 0.697266 0.578125 0.687500 0.578125 0.617188 0.560547 0.595703 0.560547 0.574219 0.568359 0.568359
0 0.751953 0.412109 0.746094 0.417969 0.746094 0.431641 0.765625 0.433594 0.767578 0.419922 0.759766 0.412109
0 0.849609 0.378906 0.847656 0.400391 0.859375 0.400391 0.861328 0.388672 0.867188 0.386719 0.867188 0.380859
0 0.621094 0.378906 0.613281 0.380859 0.615234 0.408203 0.621094 0.416016 0.621094 0.423828 0.617188 0.425781 0.617188 0.435547 0.607422 0.437500 0.607422 0.447266 0.615234 0.451172 0.615234 0.466797 0.621094 0.480469 0.607422 0.494141 0.601562 0.513672 0.593750 0.515625 0.585938 0.529297 0.576172 0.529297 0.576172 0.537109 0.582031 0.541016 0.582031 0.546875 0.593750 0.546875 0.607422 0.539062 0.617188 0.529297 0.621094 0.513672 0.630859 0.511719 0.630859 0.449219 0.634766 0.447266 0.634766 0.410156 0.640625 0.408203 0.640625 0.386719 0.626953 0.386719
0 0.753906 0.341797 0.755859 0.369141 0.775391 0.369141 0.775391 0.355469 0.767578 0.353516 0.767578 0.341797
0 0.871094 0.066406 0.871094 0.072266 0.876953 0.074219 0.876953 0.087891 0.892578 0.089844 0.892578 0.072266 0.882812 0.066406
0 0.748047 0.011719 0.730469 0.011719 0.710938 0.027344 0.685547 0.029297 0.666016 0.046875 0.671875 0.074219 0.669922 0.123047 0.673828 0.125000 0.673828 0.136719 0.667969 0.140625 0.667969 0.148438 0.664062 0.152344 0.666016 0.162109 0.656250 0.166016 0.644531 0.179688 0.642578 0.210938 0.650391 0.212891 0.666016 0.234375 0.660156 0.242188 0.660156 0.259766 0.656250 0.265625 0.632812 0.281250 0.632812 0.326172 0.613281 0.351562 0.613281 0.361328 0.626953 0.361328 0.632812 0.349609 0.640625 0.347656 0.642578 0.332031 0.648438 0.328125 0.650391 0.292969 0.666016 0.273438 0.673828 0.273438 0.679688 0.261719 0.681641 0.242188 0.671875 0.228516 0.671875 0.212891 0.679688 0.203125 0.679688 0.171875 0.675781 0.162109 0.683594 0.152344 0.683594 0.140625 0.689453 0.136719 0.689453 0.117188 0.683594 0.113281 0.683594 0.095703 0.689453 0.089844 0.689453 0.068359 0.685547 0.058594 0.689453 0.056641 0.697266 0.039062 0.699219 0.042969 0.708984 0.042969 0.714844 0.035156 0.728516 0.035156 0.736328 0.025391 0.744141 0.025391 0.748047 0.021484
