0 0.456250 0.776563 0.456250 0.795312 0.492188 0.793750 0.493750 0.790625 0.503125 0.789062 0.503125 0.781250 0.500000 0.779687 0.476562 0.779687 0.470313 0.775000
0 0.395313 0.778125 0.395313 0.798438 0.403125 0.798438 0.406250 0.795312 0.437500 0.798438 0.445312 0.790625 0.445312 0.776563 0.439063 0.775000 0.437500 0.771875 0.410938 0.771875 0.409375 0.775000 0.400000 0.775000
0 0.307812 0.731250 0.310937 0.754687 0.314063 0.754687 0.315625 0.759375 0.318750 0.759375 0.326562 0.768750 0.343750 0.768750 0.343750 0.757812 0.340625 0.757812 0.334375 0.748437 0.331250 0.748437 0.326562 0.740625 0.317188 0.734375 0.317188 0.731250
0 0.725000 0.714063 0.709375 0.714063 0.700000 0.721875 0.692187 0.721875 0.689063 0.718750 0.670312 0.718750 0.667188 0.721875 0.660937 0.721875 0.657813 0.726562 0.650000 0.721875 0.612500 0.723437 0.609375 0.729688 0.600000 0.731250 0.600000 0.734375 0.593750 0.739062 0.557813 0.753125 0.554688 0.757812 0.542188 0.757812 0.535937 0.762500 0.528125 0.762500 0.523438 0.767188 0.523438 0.776563 0.543750 0.776563 0.553125 0.768750 0.565625 0.767188 0.568750 0.762500 0.582812 0.759375 0.585938 0.754687 0.592187 0.754687 0.601562 0.745313 0.606250 0.745313 0.609375 0.737500 0.620313 0.742188 0.637500 0.740625 0.639062 0.737500 0.665625 0.737500 0.668750 0.740625 0.679688 0.742188 0.687500 0.750000 0.693750 0.750000 0.695312 0.746875 0.707812 0.746875 0.710938 0.735938 0.725000 0.723437
0 0.731250 0.714063 0.731250 0.721875 0.739062 0.731250 0.745313 0.731250 0.757812 0.720313 0.784375 0.718750 0.785937 0.715625 0.801562 0.714063 0.814063 0.706250 0.825000 0.706250 0.832812 0.698438 0.840625 0.698438 0.843750 0.701562 0.859375 0.703125 0.864062 0.706250 0.882812 0.706250 0.885938 0.714063 0.895312 0.718750 0.921875 0.720313 0.931250 0.728125 0.939063 0.728125 0.942187 0.732812 0.948438 0.732812 0.951562 0.735938 0.951562 0.742188 0.956250 0.743750 0.973437 0.764062 0.987500 0.770312 0.995313 0.785937 0.998437 0.785937 0.996875 0.757812 0.990625 0.753125 0.987500 0.745313 0.976562 0.739062 0.953125 0.717187 0.953125 0.714063 0.946875 0.714063 0.943750 0.709375 0.937500 0.709375 0.932813 0.704688 0.921875 0.704688 0.917188 0.700000 0.896875 0.700000 0.873437 0.678125 0.831250 0.682813 0.826562 0.687500 0.806250 0.687500 0.787500 0.700000 0.775000 0.700000 0.771875 0.704688 0.751563 0.704688 0.748437 0.709375 0.740625 0.709375 0.737500 0.714063
0 0.915625 0.557813 0.914062 0.587500 0.921875 0.587500 0.931250 0.579688 0.931250 0.568750 0.926562 0.565625 0.926562 0.559375
0 0.382812 0.559375 0.375000 0.554688 0.342187 0.554688 0.340625 0.559375 0.328125 0.559375 0.323437 0.564063 0.307812 0.564063 0.301563 0.570312 0.293750 0.570312 0.281250 0.576562 0.276562 0.585938 0.276562 0.593750 0.285938 0.595313 0.290625 0.584375 0.318750 0.582812 0.335938 0.568750 0.346875 0.571875 0.378125 0.570312 0.382812 0.565625
0 0.493750 0.539062 0.493750 0.545312 0.500000 0.548438 0.501563 0.553125 0.509375 0.556250 0.517188 0.565625 0.539062 0.565625 0.539062 0.559375 0.528125 0.559375 0.517188 0.542188 0.512500 0.542188 0.507812 0.537500
0 0.445312 0.539062 0.445312 0.545312 0.453125 0.548438 0.475000 0.548438 0.481250 0.543750 0.481250 0.537500 0.476562 0.537500 0.475000 0.532813 0.454688 0.532813 0.451562 0.537500
0 0.000000 0.487500 0.000000 0.509375 0.021875 0.507812 0.025000 0.512500 0.043750 0.517188 0.053125 0.506250 0.056250 0.512500 0.076563 0.512500 0.085938 0.517188 0.110937 0.517188 0.128125 0.529687 0.137500 0.529687 0.148438 0.539062 0.154688 0.539062 0.182812 0.565625 0.198437 0.565625 0.198437 0.559375 0.189062 0.551562 0.181250 0.537500 0.165625 0.528125 0.159375 0.520312 0.143750 0.515625 0.118750 0.496875 0.107813 0.496875 0.104688 0.492188 0.081250 0.490625 0.029687 0.492188 0.023438 0.490625 0.021875 0.487500 0.014063 0.487500 0.012500 0.484375
0 0.598437 0.403125 0.593750 0.407813 0.595313 0.423438 0.598437 0.425000 0.598437 0.429688 0.604688 0.429688 0.609375 0.425000 0.607812 0.403125
