0 0.510938 0.975000 0.510938 0.981250 0.520312 0.989062 0.539062 0.989062 0.543750 0.981250 0.543750 0.973437 0.529687 0.964063 0.523438 0.964063
0 0.051562 0.960938 0.051562 0.968750 0.070312 0.989062 0.076563 0.990625 0.078125 0.996875 0.096875 0.998437 0.089063 0.993750 0.087500 0.987500 0.079687 0.978125 0.075000 0.976562 0.075000 0.973437 0.070312 0.971875 0.070312 0.968750 0.065625 0.967187 0.062500 0.960938
0 0.629687 0.957812 0.612500 0.956250 0.601562 0.965625 0.592187 0.967187 0.590625 0.976562 0.609375 0.975000 0.610938 0.970313 0.628125 0.970313
0 0.820312 0.881250 0.810937 0.881250 0.809375 0.885938 0.795312 0.890625 0.795312 0.896875 0.812500 0.896875 0.820312 0.893750
0 0.182812 0.634375 0.182812 0.643750 0.203125 0.645312 0.204687 0.648438 0.218750 0.651563 0.242188 0.650000 0.248438 0.645312 0.259375 0.643750 0.259375 0.637500 0.232813 0.639062 0.229687 0.635938 0.212500 0.637500 0.210938 0.634375
0 0.143750 0.621875 0.143750 0.628125 0.148438 0.631250 0.154688 0.631250 0.157812 0.635938 0.165625 0.635938 0.165625 0.629687 0.154688 0.621875
0 0.414062 0.615625 0.403125 0.598437 0.382812 0.593750 0.359375 0.593750 0.354687 0.601562 0.350000 0.603125 0.350000 0.606250 0.331250 0.620313 0.317188 0.620313 0.310937 0.625000 0.293750 0.629687 0.271875 0.629687 0.265625 0.634375 0.265625 0.643750 0.290625 0.643750 0.298438 0.635938 0.337500 0.635938 0.354687 0.617188 0.370312 0.614062 0.371875 0.609375 0.375000 0.609375 0.376563 0.614062 0.395313 0.614062 0.404687 0.621875 0.414062 0.621875
0 0.823438 0.621875 0.873437 0.618750 0.879687 0.614062 0.926562 0.614062 0.929688 0.610938 0.939063 0.614062 0.970313 0.614062 0.973437 0.617188 0.987500 0.617188 0.989062 0.614062 0.998437 0.614062 0.998437 0.590625 0.989062 0.590625 0.985938 0.595313 0.968750 0.593750 0.967187 0.590625 0.937500 0.590625 0.934375 0.593750 0.928125 0.593750 0.926562 0.590625 0.903125 0.590625 0.882812 0.598437 0.843750 0.601562 0.832812 0.600000 0.828125 0.603125 0.828125 0.610938 0.823438 0.612500
0 0.010937 0.576562 0.010937 0.587500 0.060937 0.587500 0.068750 0.600000 0.075000 0.600000 0.075000 0.589063 0.057813 0.568750 0.031250 0.567187 0.015625 0.571875
0 0.417187 0.643750 0.425000 0.648438 0.493750 0.643750 0.504687 0.635938 0.512500 0.635938 0.521875 0.628125 0.539062 0.621875 0.548438 0.609375 0.560937 0.600000 0.560937 0.595313 0.576562 0.578125 0.582812 0.578125 0.592187 0.570312 0.623437 0.575000 0.629687 0.582812 0.635938 0.582812 0.645312 0.592187 0.646875 0.600000 0.657813 0.604688 0.660937 0.609375 0.667188 0.609375 0.670312 0.614062 0.678125 0.617188 0.696875 0.618750 0.701562 0.626563 0.715625 0.626563 0.723437 0.632812 0.764062 0.635938 0.771875 0.631250 0.798438 0.631250 0.801562 0.635938 0.810937 0.635938 0.812500 0.620313 0.803125 0.612500 0.775000 0.609375 0.771875 0.612500 0.757812 0.612500 0.751563 0.620313 0.739062 0.621875 0.729688 0.617188 0.723437 0.607812 0.707812 0.607812 0.682813 0.590625 0.664062 0.589063 0.657813 0.581250 0.651563 0.581250 0.635938 0.564063 0.629687 0.564063 0.614062 0.551562 0.582812 0.551562 0.568750 0.564063 0.564063 0.576562 0.553125 0.585938 0.546875 0.585938 0.545312 0.595313 0.529687 0.604688 0.525000 0.612500 0.518750 0.612500 0.509375 0.620313 0.495312 0.621875 0.492188 0.625000 0.478125 0.625000 0.471875 0.629687 0.417187 0.629687
