0 0.534375 0.939063 0.528125 0.939063 0.528125 0.959375 0.531250 0.960938 0.529687 0.975000 0.525000 0.982812 0.518750 0.982812 0.518750 0.987500 0.514062 0.993750 0.510938 0.993750 0.510938 0.998437 0.526563 0.998437 0.534375 0.989062 0.539062 0.989062 0.540625 0.982812 0.553125 0.982812 0.553125 0.975000 0.560937 0.973437 0.560937 0.964063 0.551562 0.962500 0.551562 0.951562 0.548438 0.948438 0.542188 0.948438
0 0.534375 0.889062 0.525000 0.889062 0.521875 0.896875 0.515625 0.898438 0.514062 0.901563 0.515625 0.918750 0.523438 0.923438 0.534375 0.920312
0 0.521875 0.765625 0.503125 0.765625 0.498437 0.768750 0.498437 0.775000 0.504687 0.776563 0.506250 0.782813 0.501563 0.795312 0.501563 0.809375 0.493750 0.810937 0.496875 0.826562 0.490625 0.834375 0.487500 0.834375 0.487500 0.842187 0.492188 0.843750 0.492188 0.859375 0.498437 0.864062 0.512500 0.864062 0.515625 0.860938 0.515625 0.850000 0.512500 0.848437 0.512500 0.825000 0.517188 0.821875 0.517188 0.778125 0.521875 0.776563
0 0.881250 0.707812 0.881250 0.715625 0.906250 0.718750 0.907813 0.728125 0.914062 0.731250 0.912500 0.742188 0.920312 0.740625 0.917188 0.709375 0.909375 0.709375 0.906250 0.704688 0.889062 0.704688
0 0.546875 0.617188 0.531250 0.621875 0.528125 0.634375 0.515625 0.643750 0.514062 0.651563 0.500000 0.656250 0.498437 0.665625 0.487500 0.670312 0.482812 0.681250 0.475000 0.687500 0.475000 0.700000 0.479687 0.712500 0.489063 0.714063 0.489063 0.709375 0.493750 0.706250 0.498437 0.673438 0.515625 0.667188 0.526563 0.657813 0.529687 0.646875 0.539062 0.643750 0.539062 0.637500 0.546875 0.625000
0 0.585938 0.568750 0.576562 0.568750 0.576562 0.587500 0.568750 0.596875 0.568750 0.614062 0.578125 0.614062 0.587500 0.607812 0.587500 0.600000 0.595313 0.589063 0.595313 0.578125
0 0.592187 0.504687 0.585938 0.504687 0.584375 0.515625 0.579688 0.521875 0.571875 0.521875 0.573438 0.557813 0.582812 0.557813 0.582812 0.546875 0.587500 0.543750 0.587500 0.531250 0.592187 0.529687
0 0.575000 0.471875 0.570312 0.476562 0.568750 0.485938 0.564063 0.487500 0.564063 0.496875 0.587500 0.498437 0.587500 0.492188 0.582812 0.490625 0.585938 0.478125 0.581250 0.471875
0 0.701562 0.312500 0.695312 0.312500 0.689063 0.321875 0.684375 0.317188 0.678125 0.317188 0.678125 0.348438 0.668750 0.359375 0.656250 0.364063 0.656250 0.376563 0.651563 0.379688 0.651563 0.387500 0.656250 0.390625 0.656250 0.396875 0.651563 0.401562 0.651563 0.406250 0.635938 0.425000 0.625000 0.429688 0.625000 0.435937 0.614062 0.448437 0.607812 0.448437 0.603125 0.456250 0.593750 0.462500 0.593750 0.471875 0.612500 0.471875 0.620313 0.462500 0.625000 0.462500 0.628125 0.457813 0.635938 0.454688 0.635938 0.451562 0.648438 0.440625 0.650000 0.434375 0.662500 0.421875 0.662500 0.412500 0.667188 0.409375 0.671875 0.390625 0.675000 0.387500 0.675000 0.373437 0.684375 0.368750 0.684375 0.359375 0.689063 0.356250 0.693750 0.345313 0.701562 0.340625
0 0.864062 0.000000 0.843750 0.000000 0.845313 0.009375 0.837500 0.014063 0.835938 0.039062 0.825000 0.050000 0.812500 0.051562 0.809375 0.057813 0.790625 0.070312 0.785937 0.078125 0.775000 0.079687 0.775000 0.084375 0.768750 0.087500 0.767188 0.101562 0.764062 0.103125 0.767188 0.123438 0.762500 0.129688 0.765625 0.151562 0.753125 0.171875 0.753125 0.185938 0.748437 0.189062 0.746875 0.201563 0.740625 0.210938 0.740625 0.220312 0.735938 0.223438 0.735938 0.246875 0.721875 0.262500 0.721875 0.268750 0.707812 0.275000 0.707812 0.285938 0.718750 0.293750 0.718750 0.300000 0.721875 0.303125 0.729688 0.303125 0.732812 0.284375 0.737500 0.281250 0.737500 0.265625 0.746875 0.259375 0.746875 0.246875 0.750000 0.239063 0.754687 0.235937 0.756250 0.214062 0.764062 0.204687 0.764062 0.196875 0.768750 0.192188 0.768750 0.181250 0.776563 0.176563 0.776563 0.156250 0.784375 0.139063 0.789062 0.095312 0.806250 0.075000 0.810937 0.075000 0.814063 0.070312 0.820312 0.070312 0.828125 0.057813 0.839063 0.059375 0.848437 0.048438 0.851562 0.048438 0.857812 0.029687 0.859375 0.007812
