0 0.939063 0.656250 0.932813 0.648438 0.921875 0.648438 0.918750 0.656250 0.906250 0.656250 0.904687 0.660937 0.898438 0.660937 0.895312 0.656250 0.884375 0.656250 0.881250 0.660937 0.879687 0.675000 0.882812 0.679688 0.903125 0.679688 0.909375 0.670312 0.931250 0.670312 0.939063 0.662500
0 0.837500 0.607812 0.837500 0.610938 0.832812 0.612500 0.832812 0.626563 0.837500 0.634375 0.846875 0.635938 0.850000 0.645312 0.860938 0.645312 0.865625 0.650000 0.871875 0.650000 0.871875 0.640625 0.865625 0.637500 0.865625 0.629687 0.871875 0.621875 0.871875 0.612500 0.850000 0.612500 0.845313 0.607812
0 0.762500 0.606250 0.776563 0.604688 0.778125 0.601562 0.800000 0.600000 0.812500 0.593750 0.823438 0.600000 0.832812 0.600000 0.831250 0.585938 0.784375 0.585938 0.779687 0.590625 0.767188 0.590625
0 0.700000 0.604688 0.714063 0.606250 0.717187 0.609375 0.737500 0.609375 0.737500 0.603125 0.742188 0.600000 0.742188 0.593750 0.734375 0.590625 0.731250 0.585938 0.701562 0.585938
0 0.628125 0.565625 0.612500 0.564063 0.595313 0.568750 0.595313 0.578125 0.603125 0.578125 0.606250 0.582812 0.623437 0.582812 0.628125 0.575000
0 0.482812 0.562500 0.482812 0.575000 0.487500 0.578125 0.498437 0.578125 0.506250 0.573438 0.510938 0.565625 0.517188 0.564063 0.525000 0.565625 0.528125 0.573438 0.534375 0.578125 0.551562 0.579688 0.553125 0.587500 0.560937 0.587500 0.564063 0.579688 0.570312 0.579688 0.587500 0.570312 0.587500 0.562500 0.553125 0.564063 0.548438 0.559375 0.531250 0.559375 0.529687 0.554688 0.520312 0.554688 0.512500 0.546875 0.496875 0.546875
0 0.264062 0.537500 0.251563 0.537500 0.242188 0.545312 0.232813 0.546875 0.231250 0.559375 0.259375 0.559375 0.265625 0.548438
0 0.245312 0.442188 0.245312 0.462500 0.250000 0.462500 0.253125 0.467187 0.264062 0.467187 0.267188 0.462500 0.282813 0.462500 0.285938 0.467187 0.292187 0.467187 0.304688 0.479687 0.309375 0.479687 0.329688 0.498437 0.342187 0.498437 0.351562 0.489063 0.398438 0.493750 0.400000 0.509375 0.404687 0.517188 0.415625 0.521875 0.429688 0.539062 0.442188 0.543750 0.448437 0.551562 0.479687 0.556250 0.479687 0.545312 0.473438 0.542188 0.467187 0.531250 0.456250 0.529687 0.448437 0.532813 0.445312 0.525000 0.440625 0.521875 0.440625 0.512500 0.432812 0.506250 0.423438 0.492188 0.404687 0.495312 0.404687 0.482812 0.387500 0.470313 0.371875 0.470313 0.368750 0.473438 0.356250 0.473438 0.348438 0.478125 0.331250 0.479687 0.314063 0.470313 0.307812 0.457813 0.301563 0.456250 0.293750 0.448437 0.279687 0.443750 0.276562 0.439063 0.257812 0.435937
0 0.189062 0.400000 0.189062 0.407813 0.193750 0.409375 0.200000 0.418750 0.212500 0.418750 0.215625 0.423438 0.221875 0.423438 0.223438 0.426563 0.237500 0.423438 0.235937 0.409375 0.226562 0.407813 0.223438 0.403125 0.212500 0.403125 0.210938 0.400000 0.201563 0.396875 0.192188 0.396875
0 0.000000 0.204687 0.000000 0.239063 0.009375 0.237500 0.015625 0.246875 0.020313 0.246875 0.023438 0.251563 0.045312 0.251563 0.068750 0.278125 0.076563 0.281250 0.082812 0.290625 0.087500 0.290625 0.100000 0.301563 0.100000 0.307812 0.109375 0.309375 0.112500 0.317188 0.129688 0.318750 0.143750 0.329688 0.164062 0.334375 0.160938 0.337500 0.160938 0.343750 0.170313 0.351562 0.162500 0.359375 0.156250 0.354687 0.139063 0.354687 0.129688 0.359375 0.131250 0.367188 0.137500 0.370312 0.157812 0.370312 0.160938 0.375000 0.165625 0.375000 0.170313 0.382812 0.189062 0.382812 0.193750 0.375000 0.193750 0.368750 0.184375 0.351562 0.176563 0.346875 0.176563 0.334375 0.162500 0.329688 0.162500 0.320312 0.159375 0.315625 0.154688 0.315625 0.150000 0.310937 0.142187 0.310937 0.132812 0.298438 0.117188 0.296875 0.107813 0.287500 0.107813 0.281250 0.101562 0.276562 0.092188 0.275000 0.087500 0.267188 0.070312 0.253125 0.068750 0.245312 0.056250 0.245312 0.046875 0.235937 0.040625 0.235937 0.031250 0.226562 0.025000 0.226562 0.021875 0.221875 0.017188 0.221875 0.010937 0.206250
0 0.668750 0.082812 0.664062 0.085938 0.664062 0.093750 0.668750 0.095312 0.668750 0.114062 0.676562 0.114062 0.679688 0.110937 0.679688 0.095312 0.675000 0.090625 0.675000 0.082812
