0 0.714063 0.984375 0.714063 0.998437 0.735938 0.998437 0.732812 0.993750 0.725000 0.992188 0.725000 0.984375
0 0.728125 0.743750 0.731250 0.785937 0.739062 0.792188 0.742188 0.803125 0.746875 0.807813 0.759375 0.807813 0.759375 0.790625 0.754687 0.785937 0.754687 0.776563 0.746875 0.770312 0.737500 0.743750
0 0.589063 0.606250 0.589063 0.614062 0.600000 0.620313 0.600000 0.635938 0.626563 0.635938 0.637500 0.640625 0.639062 0.645312 0.643750 0.646875 0.643750 0.653125 0.650000 0.653125 0.654687 0.662500 0.664062 0.662500 0.665625 0.667188 0.687500 0.675000 0.703125 0.689063 0.718750 0.692187 0.720313 0.675000 0.707812 0.668750 0.701562 0.660937 0.695312 0.660937 0.690625 0.651563 0.681250 0.651563 0.675000 0.643750 0.659375 0.643750 0.657813 0.639062 0.648438 0.632812 0.648438 0.626563 0.635938 0.617188 0.620313 0.615625 0.614062 0.610938 0.614062 0.607812
0 0.379688 0.532813 0.381250 0.554688 0.385937 0.557813 0.385937 0.565625 0.393750 0.568750 0.414062 0.587500 0.431250 0.587500 0.439063 0.596875 0.456250 0.601562 0.507812 0.600000 0.512500 0.596875 0.518750 0.603125 0.520312 0.609375 0.531250 0.609375 0.540625 0.614062 0.546875 0.621875 0.556250 0.621875 0.556250 0.617188 0.562500 0.610938 0.579688 0.609375 0.584375 0.604688 0.584375 0.598437 0.579688 0.598437 0.578125 0.595313 0.545312 0.598437 0.543750 0.590625 0.540625 0.590625 0.534375 0.581250 0.514062 0.581250 0.512500 0.578125 0.473438 0.578125 0.470313 0.581250 0.453125 0.581250 0.445312 0.573438 0.437500 0.571875 0.428125 0.564063 0.421875 0.564063 0.400000 0.542188 0.393750 0.539062 0.389062 0.529687 0.382812 0.529687
0 0.281250 0.409375 0.279687 0.421875 0.281250 0.429688 0.284375 0.431250 0.284375 0.443750 0.293750 0.451562 0.293750 0.459375 0.301563 0.460938 0.301563 0.470313 0.318750 0.479687 0.320312 0.485938 0.328125 0.492188 0.340625 0.493750 0.342187 0.503125 0.346875 0.504687 0.346875 0.512500 0.353125 0.512500 0.354687 0.520312 0.375000 0.521875 0.376563 0.517188 0.381250 0.517188 0.379688 0.507812 0.367188 0.506250 0.360938 0.498437 0.360938 0.490625 0.350000 0.475000 0.340625 0.473438 0.335938 0.465625 0.321875 0.465625 0.320312 0.460938 0.304688 0.459375 0.304688 0.425000 0.295312 0.412500 0.290625 0.409375
0 0.231250 0.271875 0.231250 0.279687 0.235937 0.290625 0.245312 0.303125 0.246875 0.323437 0.257812 0.328125 0.257812 0.337500 0.271875 0.350000 0.278125 0.376563 0.278125 0.389062 0.281250 0.393750 0.290625 0.393750 0.290625 0.362500 0.285938 0.356250 0.285938 0.329688 0.282813 0.328125 0.276562 0.310937 0.250000 0.295312 0.245312 0.276562 0.239063 0.276562 0.237500 0.271875
0 0.185938 0.262500 0.187500 0.273438 0.196875 0.281250 0.212500 0.281250 0.212500 0.271875 0.207813 0.271875 0.204687 0.267188 0.195312 0.265625 0.193750 0.262500
0 0.087500 0.157812 0.087500 0.167187 0.095312 0.173437 0.095312 0.179688 0.125000 0.189062 0.131250 0.203125 0.142187 0.203125 0.143750 0.210938 0.150000 0.214062 0.153125 0.221875 0.170313 0.237500 0.181250 0.239063 0.190625 0.246875 0.232813 0.246875 0.232813 0.235937 0.226562 0.231250 0.200000 0.228125 0.193750 0.223438 0.178125 0.223438 0.171875 0.214062 0.162500 0.207813 0.156250 0.207813 0.145313 0.178125 0.132812 0.165625 0.125000 0.165625 0.123438 0.162500 0.115625 0.160938 0.109375 0.153125 0.100000 0.153125 0.098437 0.157812
0 0.021875 0.087500 0.021875 0.104688 0.032813 0.110937 0.037500 0.118750 0.040625 0.118750 0.042188 0.123438 0.051562 0.129688 0.060937 0.143750 0.067187 0.145313 0.070312 0.150000 0.079687 0.150000 0.081250 0.145313 0.087500 0.145313 0.087500 0.134375 0.076563 0.126562 0.075000 0.121875 0.071875 0.121875 0.070312 0.117188 0.067187 0.117188 0.065625 0.112500 0.043750 0.090625 0.035937 0.087500
0 0.000000 0.054688 0.000000 0.084375 0.009375 0.084375 0.017188 0.078125 0.017188 0.057813 0.014063 0.054688
