0 0.706250 0.682813 0.714063 0.682813 0.723437 0.675000 0.735938 0.673438 0.737500 0.660937 0.715625 0.660937 0.715625 0.664062 0.704688 0.673438
0 0.884375 0.643750 0.871875 0.643750 0.864062 0.634375 0.846875 0.634375 0.845313 0.637500 0.826562 0.639062 0.825000 0.642188 0.793750 0.643750 0.787500 0.651563 0.768750 0.651563 0.762500 0.656250 0.760938 0.665625 0.770312 0.665625 0.771875 0.662500 0.792188 0.662500 0.809375 0.653125 0.831250 0.653125 0.832812 0.656250 0.839063 0.656250 0.846875 0.650000 0.853125 0.650000 0.854688 0.653125 0.876563 0.654687 0.882812 0.653125
0 0.892188 0.612500 0.893750 0.621875 0.903125 0.623437 0.904687 0.626563 0.918750 0.626563 0.920312 0.623437 0.953125 0.626563 0.953125 0.615625 0.928125 0.615625 0.921875 0.606250 0.903125 0.607812 0.898438 0.612500
0 0.692187 0.603125 0.678125 0.603125 0.675000 0.607812 0.653125 0.607812 0.646875 0.612500 0.646875 0.618750 0.651563 0.621875 0.668750 0.621875 0.679688 0.618750 0.682813 0.614062 0.689063 0.614062
0 0.609375 0.604688 0.610938 0.614062 0.640625 0.614062 0.639062 0.603125
0 0.187500 0.600000 0.187500 0.609375 0.192188 0.614062 0.220312 0.614062 0.220312 0.603125 0.215625 0.600000
0 0.998437 0.598437 0.960938 0.604688 0.956250 0.607812 0.956250 0.617188 0.985938 0.614062 0.987500 0.610938 0.998437 0.614062
0 0.568750 0.590625 0.568750 0.601562 0.576562 0.604688 0.578125 0.609375 0.596875 0.607812 0.601562 0.604688 0.601562 0.595313
0 0.428125 0.595313 0.423438 0.590625 0.396875 0.590625 0.393750 0.593750 0.385937 0.593750 0.378125 0.585938 0.371875 0.585938 0.353125 0.603125 0.323437 0.617188 0.279687 0.617188 0.270313 0.625000 0.257812 0.628125 0.235937 0.621875 0.232813 0.625000 0.232813 0.631250 0.235937 0.634375 0.251563 0.635938 0.253125 0.640625 0.271875 0.640625 0.282813 0.626563 0.321875 0.628125 0.350000 0.623437 0.357812 0.612500 0.371875 0.601562 0.384375 0.604688 0.385937 0.609375 0.423438 0.609375 0.423438 0.606250 0.428125 0.604688
0 0.182812 0.590625 0.178125 0.585938 0.164062 0.585938 0.157812 0.590625 0.150000 0.590625 0.140625 0.595313 0.135937 0.595313 0.131250 0.590625 0.106250 0.590625 0.093750 0.595313 0.057813 0.595313 0.054688 0.606250 0.048438 0.607812 0.045312 0.612500 0.026562 0.620313 0.009375 0.621875 0.000000 0.631250 0.000000 0.646875 0.018750 0.643750 0.045312 0.623437 0.057813 0.621875 0.089063 0.604688 0.146875 0.606250 0.160938 0.604688 0.162500 0.601562 0.182812 0.601562
0 0.776563 0.581250 0.767188 0.581250 0.760938 0.585938 0.745313 0.585938 0.745313 0.592187 0.751563 0.596875 0.760938 0.596875 0.770312 0.587500 0.776563 0.587500
0 0.775000 0.568750 0.776563 0.578125 0.789062 0.578125 0.790625 0.575000 0.798438 0.573438 0.798438 0.564063 0.779687 0.564063
0 0.548438 0.564063 0.540625 0.559375 0.529687 0.559375 0.525000 0.567187 0.512500 0.568750 0.500000 0.576562 0.475000 0.571875 0.462500 0.571875 0.459375 0.576562 0.443750 0.576562 0.439063 0.579688 0.437500 0.600000 0.448437 0.600000 0.454688 0.592187 0.462500 0.592187 0.465625 0.587500 0.495312 0.587500 0.496875 0.584375 0.532813 0.579688 0.537500 0.575000 0.545312 0.573438 0.548438 0.570312
0 0.806250 0.314063 0.801562 0.307812 0.792188 0.307812 0.790625 0.310937 0.781250 0.310937 0.778125 0.321875 0.779687 0.325000 0.806250 0.320312
