0 0.490625 0.978125 0.490625 0.984375 0.495312 0.985938 0.493750 0.998437 0.517188 0.998437 0.515625 0.985938 0.507812 0.973437 0.498437 0.973437 0.496875 0.976562
0 0.665625 0.921875 0.665625 0.942187 0.670312 0.945312 0.670312 0.951562 0.678125 0.954688 0.682813 0.970313 0.687500 0.971875 0.687500 0.979688 0.690625 0.981250 0.693750 0.995313 0.706250 0.996875 0.710938 0.992188 0.710938 0.978125 0.706250 0.975000 0.706250 0.960938 0.700000 0.959375 0.696875 0.951562 0.692187 0.950000 0.689063 0.925000
0 0.590625 0.900000 0.590625 0.912500 0.606250 0.926562 0.614062 0.926562 0.618750 0.923438 0.618750 0.915625 0.610938 0.912500 0.604688 0.903125 0.598437 0.898438
0 0.559375 0.787500 0.556250 0.792188 0.559375 0.810937 0.571875 0.823438 0.573438 0.829688 0.579688 0.829688 0.582812 0.810937 0.579688 0.809375 0.578125 0.801562 0.570312 0.798438 0.565625 0.787500
0 0.532813 0.748437 0.532813 0.767188 0.540625 0.770312 0.545312 0.776563 0.553125 0.776563 0.553125 0.767188 0.543750 0.759375 0.539062 0.748437
0 0.279687 0.726562 0.276562 0.731250 0.276562 0.779687 0.279687 0.781250 0.281250 0.806250 0.276562 0.814063 0.275000 0.825000 0.271875 0.826562 0.271875 0.839063 0.284375 0.853125 0.285938 0.860938 0.298438 0.867188 0.303125 0.881250 0.312500 0.887500 0.326562 0.904687 0.332813 0.904687 0.335938 0.907813 0.351562 0.907813 0.373437 0.926562 0.381250 0.926562 0.382812 0.917188 0.367188 0.903125 0.356250 0.903125 0.348438 0.895312 0.340625 0.893750 0.325000 0.876563 0.320312 0.876563 0.312500 0.868750 0.312500 0.859375 0.304688 0.850000 0.292187 0.845313 0.285938 0.839063 0.285938 0.807813 0.290625 0.803125 0.290625 0.785937 0.293750 0.782813 0.293750 0.775000 0.290625 0.771875 0.290625 0.756250 0.287500 0.753125 0.287500 0.729688 0.285938 0.726562
0 0.510938 0.695312 0.510938 0.714063 0.515625 0.720313 0.515625 0.731250 0.521875 0.734375 0.523438 0.739062 0.529687 0.739062 0.529687 0.721875 0.526563 0.720313 0.525000 0.707812 0.517188 0.695312
0 0.414062 0.554688 0.417187 0.581250 0.426563 0.582812 0.426563 0.565625 0.423438 0.564063 0.423438 0.554688
0 0.085938 0.112500 0.085938 0.121875 0.073438 0.125000 0.078125 0.154688 0.085938 0.164062 0.085938 0.231250 0.078125 0.245312 0.078125 0.295312 0.095312 0.307812 0.107813 0.325000 0.114062 0.356250 0.121875 0.362500 0.139063 0.404687 0.148438 0.412500 0.160938 0.437500 0.160938 0.467187 0.187500 0.492188 0.196875 0.521875 0.218750 0.542188 0.242188 0.546875 0.254688 0.557813 0.254688 0.573438 0.267188 0.589063 0.267188 0.595313 0.262500 0.598437 0.259375 0.707812 0.264062 0.715625 0.285938 0.720313 0.285938 0.696875 0.278125 0.690625 0.281250 0.564063 0.267188 0.560937 0.262500 0.556250 0.259375 0.543750 0.243750 0.529687 0.221875 0.528125 0.203125 0.510938 0.201563 0.479687 0.181250 0.465625 0.176563 0.423438 0.162500 0.395313 0.154688 0.389062 0.150000 0.373437 0.139063 0.364063 0.128125 0.320312 0.118750 0.314063 0.118750 0.307812 0.096875 0.279687 0.096875 0.226562 0.109375 0.210938 0.109375 0.182812 0.104688 0.175000 0.101562 0.128125 0.096875 0.115625
0 0.064062 0.054688 0.065625 0.071875 0.062500 0.078125 0.051562 0.081250 0.051562 0.092188 0.060937 0.098437 0.060937 0.106250 0.068750 0.118750 0.075000 0.118750 0.075000 0.101562 0.070312 0.096875 0.071875 0.084375 0.075000 0.082812 0.075000 0.067187 0.070312 0.065625 0.070312 0.054688
