0 0.634375 0.892188 0.629687 0.898438 0.629687 0.909375 0.645312 0.909375 0.650000 0.904687 0.650000 0.895312 0.645312 0.892188
0 0.895312 0.893750 0.895312 0.903125 0.906250 0.904687 0.910937 0.909375 0.926562 0.909375 0.932813 0.914062 0.976562 0.914062 0.992188 0.926562 0.998437 0.926562 0.998437 0.898438 0.993750 0.895312 0.987500 0.895312 0.985938 0.898438 0.940625 0.898438 0.939063 0.895312 0.926562 0.893750 0.925000 0.890625 0.898438 0.890625
0 0.875000 0.881250 0.862500 0.881250 0.859375 0.885938 0.850000 0.885938 0.850000 0.895312 0.873437 0.895312
0 0.690625 0.735938 0.690625 0.746875 0.700000 0.754687 0.707812 0.754687 0.712500 0.759375 0.750000 0.759375 0.767188 0.762500 0.771875 0.781250 0.778125 0.781250 0.784375 0.785937 0.809375 0.785937 0.814063 0.793750 0.842187 0.804688 0.850000 0.812500 0.865625 0.812500 0.868750 0.815625 0.875000 0.815625 0.878125 0.812500 0.895312 0.812500 0.904687 0.806250 0.926562 0.807813 0.928125 0.804688 0.939063 0.807813 0.942187 0.812500 0.950000 0.812500 0.953125 0.817187 0.960938 0.820312 0.993750 0.817187 0.998437 0.812500 0.998437 0.801562 0.979688 0.801562 0.975000 0.796875 0.945312 0.796875 0.943750 0.793750 0.932813 0.792188 0.931250 0.789062 0.907813 0.792188 0.903125 0.796875 0.867188 0.796875 0.859375 0.792188 0.840625 0.792188 0.831250 0.782813 0.829688 0.775000 0.821875 0.775000 0.815625 0.770312 0.790625 0.770312 0.776563 0.759375 0.771875 0.759375 0.768750 0.753125 0.760938 0.753125 0.757812 0.748437 0.739062 0.748437 0.731250 0.740625 0.714063 0.740625 0.709375 0.735938
0 0.656250 0.701562 0.660937 0.718750 0.670312 0.728125 0.678125 0.728125 0.676562 0.715625 0.671875 0.710938 0.671875 0.706250
0 0.025000 0.520312 0.012500 0.520312 0.010937 0.523438 0.003125 0.525000 0.000000 0.528125 0.000000 0.539062 0.015625 0.534375 0.025000 0.528125
0 0.150000 0.492188 0.137500 0.492188 0.125000 0.503125 0.115625 0.501563 0.114062 0.496875 0.095312 0.496875 0.092188 0.501563 0.084375 0.504687 0.071875 0.501563 0.043750 0.503125 0.042188 0.506250 0.035937 0.507812 0.034375 0.517188 0.045312 0.517188 0.046875 0.520312 0.060937 0.520312 0.062500 0.517188 0.093750 0.517188 0.095312 0.520312 0.107813 0.521875 0.109375 0.526563 0.128125 0.526563 0.132812 0.523438 0.135937 0.514062 0.143750 0.510938 0.145313 0.504687 0.150000 0.503125
0 0.162500 0.495312 0.160938 0.507812 0.170313 0.509375 0.182812 0.498437 0.210938 0.496875 0.223438 0.489063 0.235937 0.489063 0.239063 0.484375 0.250000 0.484375 0.260937 0.476562 0.287500 0.484375 0.309375 0.484375 0.315625 0.493750 0.321875 0.493750 0.325000 0.498437 0.350000 0.498437 0.359375 0.507812 0.371875 0.510938 0.378125 0.521875 0.404687 0.546875 0.412500 0.550000 0.421875 0.565625 0.442188 0.575000 0.448437 0.582812 0.464062 0.590625 0.504687 0.592187 0.510938 0.595313 0.515625 0.604688 0.528125 0.614062 0.550000 0.618750 0.564063 0.628125 0.573438 0.628125 0.581250 0.640625 0.617188 0.657813 0.650000 0.695312 0.657813 0.695312 0.645312 0.665625 0.635938 0.656250 0.629687 0.656250 0.609375 0.629687 0.589063 0.621875 0.576562 0.606250 0.564063 0.600000 0.540625 0.598437 0.534375 0.590625 0.520312 0.585938 0.510938 0.573438 0.467187 0.571875 0.454688 0.565625 0.448437 0.557813 0.429688 0.548438 0.423438 0.537500 0.414062 0.531250 0.414062 0.525000 0.382812 0.503125 0.378125 0.492188 0.342187 0.478125 0.320312 0.478125 0.296875 0.456250 0.289062 0.456250 0.285938 0.460938 0.232813 0.465625 0.206250 0.481250 0.176563 0.482812 0.168750 0.487500 0.165625 0.495312
0 0.342187 0.340625 0.342187 0.364063 0.348438 0.364063 0.351562 0.357812 0.356250 0.356250 0.356250 0.346875 0.351562 0.345313 0.351562 0.340625
0 0.025000 0.182812 0.020313 0.185938 0.020313 0.200000 0.025000 0.206250 0.031250 0.206250 0.035937 0.200000 0.035937 0.187500 0.031250 0.182812
