0 0.909375 0.795312 0.907813 0.810937 0.917188 0.821875 0.931250 0.820312 0.939063 0.834375 0.943750 0.834375 0.951562 0.840625 0.951562 0.848437 0.970313 0.846875 0.971875 0.839063 0.993750 0.837500 0.998437 0.834375 0.998437 0.801562 0.995313 0.801562 0.990625 0.810937 0.979688 0.810937 0.976562 0.821875 0.964063 0.823438 0.962500 0.820312 0.953125 0.817187 0.953125 0.810937 0.950000 0.810937 0.948438 0.806250 0.939063 0.800000 0.935937 0.792188 0.925000 0.790625 0.912500 0.792188
0 0.207813 0.762500 0.207813 0.770312 0.217188 0.776563 0.251563 0.776563 0.253125 0.773438 0.268750 0.771875 0.271875 0.768750 0.270313 0.757812 0.257812 0.757812 0.256250 0.753125 0.217188 0.753125
0 0.429688 0.748437 0.425000 0.748437 0.423438 0.743750 0.392188 0.740625 0.390625 0.743750 0.360938 0.745313 0.359375 0.748437 0.353125 0.748437 0.350000 0.751563 0.331250 0.748437 0.326562 0.753125 0.321875 0.753125 0.321875 0.764062 0.328125 0.771875 0.345313 0.770312 0.346875 0.760938 0.353125 0.760938 0.356250 0.764062 0.373437 0.764062 0.378125 0.756250 0.389062 0.754687 0.395313 0.757812 0.395313 0.764062 0.414062 0.764062 0.415625 0.759375 0.431250 0.759375
0 0.112500 0.771875 0.106250 0.770312 0.090625 0.771875 0.087500 0.757812 0.084375 0.757812 0.082812 0.753125 0.076563 0.753125 0.070312 0.740625 0.056250 0.740625 0.056250 0.746875 0.046875 0.753125 0.046875 0.767188 0.043750 0.770312 0.034375 0.770312 0.034375 0.773438 0.025000 0.779687 0.025000 0.789062 0.017188 0.796875 0.000000 0.796875 0.000000 0.825000 0.012500 0.825000 0.017188 0.820312 0.017188 0.814063 0.021875 0.812500 0.040625 0.790625 0.070312 0.793750 0.089063 0.781250 0.095312 0.785937 0.103125 0.785937 0.107813 0.781250 0.114062 0.781250
0 0.687500 0.750000 0.687500 0.759375 0.712500 0.759375 0.720313 0.746875 0.728125 0.746875 0.737500 0.737500 0.745313 0.737500 0.748437 0.732812 0.754687 0.732812 0.757812 0.729688 0.776563 0.728125 0.781250 0.721875 0.796875 0.715625 0.814063 0.725000 0.823438 0.739062 0.832812 0.743750 0.837500 0.754687 0.846875 0.754687 0.864062 0.770312 0.867188 0.776563 0.878125 0.776563 0.885938 0.784375 0.895312 0.784375 0.900000 0.776563 0.900000 0.767188 0.890625 0.753125 0.882812 0.750000 0.870313 0.735938 0.859375 0.735938 0.843750 0.718750 0.832812 0.714063 0.820312 0.700000 0.810937 0.700000 0.803125 0.692187 0.793750 0.692187 0.781250 0.696875 0.776563 0.693750 0.775000 0.687500 0.771875 0.687500 0.764062 0.678125 0.757812 0.678125 0.754687 0.673438 0.746875 0.673438 0.746875 0.685937 0.751563 0.693750 0.750000 0.701562 0.746875 0.704688 0.735938 0.704688 0.732812 0.715625 0.715625 0.714063 0.712500 0.728125 0.704688 0.731250 0.704688 0.737500
0 0.109375 0.645312 0.112500 0.648438 0.129688 0.648438 0.132812 0.637500 0.142187 0.628125 0.165625 0.628125 0.173437 0.621875 0.190625 0.621875 0.198437 0.617188 0.207813 0.617188 0.209375 0.614062 0.242188 0.614062 0.245312 0.618750 0.260937 0.618750 0.276562 0.623437 0.296875 0.621875 0.298438 0.618750 0.304688 0.618750 0.312500 0.623437 0.351562 0.623437 0.353125 0.604688 0.340625 0.603125 0.335938 0.598437 0.290625 0.600000 0.287500 0.603125 0.271875 0.598437 0.221875 0.598437 0.215625 0.603125 0.178125 0.603125 0.173437 0.607812 0.164062 0.606250 0.162500 0.603125 0.151562 0.603125 0.132812 0.617188 0.118750 0.634375 0.109375 0.634375
0 0.414062 0.595313 0.370312 0.595313 0.368750 0.598437 0.362500 0.600000 0.360938 0.618750 0.376563 0.623437 0.392188 0.623437 0.392188 0.618750 0.398438 0.614062 0.412500 0.614062
0 0.443750 0.585938 0.443750 0.601562 0.446875 0.603125 0.448437 0.609375 0.459375 0.610938 0.460938 0.614062 0.478125 0.614062 0.482812 0.609375 0.496875 0.609375 0.504687 0.600000 0.507812 0.600000 0.507812 0.590625 0.482812 0.590625 0.481250 0.593750 0.476562 0.593750 0.475000 0.590625 0.467187 0.590625 0.462500 0.585938
0 0.529687 0.565625 0.529687 0.579688 0.540625 0.578125 0.543750 0.582812 0.553125 0.581250 0.553125 0.570312 0.546875 0.564063
0 0.612500 0.537500 0.612500 0.550000 0.615625 0.551562 0.617188 0.560937 0.625000 0.567187 0.628125 0.590625 0.632812 0.592187 0.634375 0.596875 0.648438 0.600000 0.662500 0.612500 0.665625 0.618750 0.670312 0.618750 0.682813 0.632812 0.687500 0.648438 0.698438 0.650000 0.709375 0.662500 0.726562 0.667188 0.728125 0.673438 0.739062 0.671875 0.740625 0.667188 0.746875 0.667188 0.745313 0.656250 0.734375 0.651563 0.723437 0.651563 0.717187 0.646875 0.714063 0.635938 0.709375 0.634375 0.703125 0.625000 0.687500 0.620313 0.684375 0.615625 0.684375 0.600000 0.662500 0.590625 0.660937 0.585938 0.657813 0.585938 0.646875 0.573438 0.645312 0.559375 0.621875 0.537500
0 0.034375 0.448437 0.034375 0.479687 0.043750 0.489063 0.051562 0.489063 0.053125 0.485938 0.059375 0.484375 0.059375 0.478125 0.054688 0.475000 0.053125 0.457813 0.048438 0.456250 0.043750 0.448437
