0 0.553125 0.545312 0.551562 0.568750 0.559375 0.579688 0.559375 0.587500 0.564063 0.590625 0.570312 0.654687 0.576562 0.662500 0.571875 0.670312 0.571875 0.687500 0.578125 0.692187 0.595313 0.695312 0.592187 0.700000 0.585938 0.701562 0.585938 0.714063 0.593750 0.728125 0.590625 0.750000 0.603125 0.757812 0.609375 0.779687 0.617188 0.781250 0.621875 0.785937 0.625000 0.798438 0.634375 0.803125 0.631250 0.815625 0.621875 0.820312 0.620313 0.848437 0.612500 0.860938 0.612500 0.931250 0.623437 0.931250 0.626563 0.926562 0.629687 0.929688 0.629687 0.939063 0.621875 0.942187 0.621875 0.953125 0.629687 0.967187 0.629687 0.978125 0.639062 0.990625 0.639062 0.998437 0.665625 0.998437 0.662500 0.962500 0.657813 0.959375 0.657813 0.951562 0.645312 0.932813 0.645312 0.917188 0.653125 0.903125 0.653125 0.843750 0.662500 0.832812 0.662500 0.825000 0.651563 0.807813 0.648438 0.792188 0.635938 0.782813 0.631250 0.748437 0.626563 0.748437 0.623437 0.739062 0.618750 0.735938 0.618750 0.709375 0.614062 0.704688 0.614062 0.692187 0.604688 0.679688 0.604688 0.654687 0.601562 0.651563 0.600000 0.628125 0.604688 0.621875 0.604688 0.607812 0.593750 0.600000 0.581250 0.598437 0.565625 0.568750 0.560937 0.545312
0 0.653125 0.539062 0.643750 0.540625 0.645312 0.551562 0.642188 0.554688 0.642188 0.582812 0.650000 0.582812
0 0.617188 0.482812 0.610938 0.482812 0.606250 0.493750 0.606250 0.506250 0.614062 0.506250 0.614062 0.496875 0.618750 0.493750
0 0.064062 0.482812 0.060937 0.506250 0.075000 0.507812 0.075000 0.490625 0.071875 0.489063 0.070312 0.482812
0 0.607812 0.445312 0.604688 0.448437 0.604688 0.454688 0.600000 0.456250 0.600000 0.462500 0.603125 0.467187 0.614062 0.467187 0.614062 0.445312
0 0.696875 0.335938 0.690625 0.335938 0.685937 0.342187 0.671875 0.340625 0.671875 0.346875 0.689063 0.346875 0.692187 0.351562 0.698438 0.351562
0 0.662500 0.331250 0.651563 0.334375 0.651563 0.342187 0.648438 0.343750 0.646875 0.375000 0.657813 0.375000 0.657813 0.364063 0.662500 0.359375
0 0.657813 0.306250 0.656250 0.321875 0.667188 0.325000 0.673438 0.334375 0.684375 0.334375 0.685937 0.306250 0.671875 0.306250 0.670312 0.303125 0.662500 0.303125
0 0.628125 0.276562 0.617188 0.278125 0.617188 0.293750 0.607812 0.301563 0.607812 0.329688 0.612500 0.334375 0.618750 0.334375 0.618750 0.318750 0.621875 0.310937 0.631250 0.309375 0.631250 0.289062 0.628125 0.284375
0 0.675000 0.131250 0.668750 0.131250 0.665625 0.134375 0.665625 0.150000 0.660937 0.154688 0.660937 0.164062 0.656250 0.165625 0.656250 0.171875 0.651563 0.175000 0.651563 0.181250 0.646875 0.187500 0.646875 0.201563 0.643750 0.203125 0.642188 0.229687 0.643750 0.237500 0.646875 0.239063 0.646875 0.287500 0.648438 0.295312 0.657813 0.296875 0.657813 0.292187 0.662500 0.290625 0.662500 0.284375 0.667188 0.282813 0.667188 0.268750 0.664062 0.265625 0.667188 0.262500 0.667188 0.250000 0.671875 0.245312 0.671875 0.228125 0.667188 0.225000 0.667188 0.220312 0.675000 0.215625 0.676562 0.184375 0.684375 0.181250 0.684375 0.165625 0.689063 0.162500 0.690625 0.156250 0.695312 0.156250 0.695312 0.140625 0.681250 0.139063
0 0.682813 0.000000 0.682813 0.009375 0.678125 0.015625 0.681250 0.035937 0.676562 0.037500 0.682813 0.057813 0.682813 0.067187 0.678125 0.068750 0.678125 0.087500 0.681250 0.087500 0.682813 0.092188 0.692187 0.093750 0.700000 0.103125 0.706250 0.103125 0.707812 0.114062 0.710938 0.117188 0.718750 0.117188 0.723437 0.110937 0.723437 0.104688 0.718750 0.095312 0.710938 0.093750 0.710938 0.085938 0.706250 0.078125 0.706250 0.046875 0.701562 0.040625 0.701562 0.000000
