0 0.403125 0.964063 0.404687 0.979688 0.412500 0.985938 0.417187 0.996875 0.435937 0.998437 0.435937 0.992188 0.418750 0.976562 0.418750 0.960938 0.407813 0.960938
0 0.068750 0.948438 0.068750 0.956250 0.073438 0.957812 0.079687 0.964063 0.081250 0.970313 0.085938 0.971875 0.092188 0.987500 0.101562 0.987500 0.106250 0.984375 0.104688 0.973437 0.096875 0.967187 0.096875 0.960938 0.087500 0.959375 0.087500 0.951562
0 0.000000 0.854688 0.000000 0.864062 0.018750 0.878125 0.026562 0.878125 0.026562 0.859375 0.014063 0.859375 0.012500 0.854688
0 0.000000 0.787500 0.000000 0.843750 0.012500 0.843750 0.017188 0.839063 0.017188 0.823438 0.012500 0.821875 0.012500 0.792188
0 0.043750 0.671875 0.042188 0.689063 0.046875 0.690625 0.046875 0.696875 0.060937 0.696875 0.060937 0.690625 0.054688 0.685937 0.050000 0.671875
0 0.407813 0.362500 0.412500 0.382812 0.426563 0.390625 0.434375 0.401562 0.434375 0.410938 0.450000 0.425000 0.456250 0.437500 0.457813 0.462500 0.473438 0.470313 0.467187 0.485938 0.459375 0.481250 0.459375 0.473438 0.453125 0.473438 0.451562 0.484375 0.445312 0.496875 0.434375 0.506250 0.434375 0.514062 0.417187 0.543750 0.417187 0.551562 0.412500 0.554688 0.412500 0.617188 0.425000 0.640625 0.417187 0.646875 0.412500 0.637500 0.404687 0.637500 0.404687 0.653125 0.412500 0.659375 0.412500 0.698438 0.407813 0.709375 0.420312 0.753125 0.414062 0.773438 0.404687 0.784375 0.400000 0.845313 0.421875 0.887500 0.425000 0.904687 0.421875 0.953125 0.435937 0.953125 0.440625 0.950000 0.440625 0.885938 0.434375 0.881250 0.423438 0.859375 0.426563 0.770312 0.435937 0.756250 0.435937 0.729688 0.428125 0.715625 0.435937 0.698438 0.435937 0.653125 0.431250 0.650000 0.435937 0.559375 0.440625 0.556250 0.445312 0.540625 0.453125 0.535937 0.453125 0.517188 0.471875 0.506250 0.479687 0.493750 0.479687 0.479687 0.489063 0.471875 0.489063 0.464062 0.478125 0.450000 0.468750 0.425000 0.462500 0.418750 0.462500 0.412500 0.440625 0.393750 0.439063 0.385937 0.431250 0.382812 0.418750 0.364063
0 0.409375 0.310937 0.401562 0.310937 0.398438 0.317188 0.385937 0.326562 0.384375 0.343750 0.390625 0.343750 0.393750 0.334375 0.414062 0.334375 0.414062 0.323437 0.410938 0.321875
0 0.448437 0.235937 0.450000 0.253125 0.456250 0.257812 0.462500 0.257812 0.465625 0.254688 0.462500 0.237500
0 0.528125 0.056250 0.525000 0.062500 0.525000 0.092188 0.515625 0.101562 0.515625 0.164062 0.510938 0.167187 0.510938 0.175000 0.503125 0.184375 0.501563 0.215625 0.492188 0.218750 0.490625 0.228125 0.487500 0.229687 0.487500 0.240625 0.478125 0.245312 0.478125 0.254688 0.523438 0.256250 0.532813 0.265625 0.532813 0.296875 0.537500 0.301563 0.537500 0.309375 0.546875 0.309375 0.548438 0.278125 0.543750 0.273438 0.542188 0.259375 0.539062 0.256250 0.539062 0.250000 0.534375 0.246875 0.534375 0.239063 0.526563 0.234375 0.525000 0.210938 0.534375 0.198437 0.534375 0.175000 0.539062 0.171875 0.539062 0.139063 0.548438 0.131250 0.548438 0.082812 0.543750 0.075000 0.542188 0.059375 0.539062 0.056250
0 0.614062 0.000000 0.589063 0.000000 0.585938 0.003125 0.585938 0.009375 0.573438 0.020313 0.571875 0.042188 0.578125 0.057813 0.590625 0.056250 0.592187 0.050000 0.596875 0.048438 0.596875 0.045312 0.604688 0.039062 0.604688 0.014063 0.614062 0.007812
