0 0.529687 0.793750 0.525000 0.793750 0.520312 0.828125 0.526563 0.828125
0 0.312500 0.704688 0.281250 0.706250 0.281250 0.710938 0.298438 0.712500 0.303125 0.709375 0.312500 0.709375
0 0.273438 0.704688 0.264062 0.704688 0.248438 0.712500 0.235937 0.712500 0.229687 0.715625 0.220312 0.742188 0.187500 0.785937 0.156250 0.818750 0.137500 0.832812 0.131250 0.832812 0.100000 0.870313 0.076563 0.892188 0.071875 0.901563 0.071875 0.910937 0.076563 0.914062 0.076563 0.918750 0.067187 0.926562 0.056250 0.943750 0.043750 0.956250 0.039062 0.971875 0.026562 0.987500 0.025000 0.998437 0.031250 0.998437 0.031250 0.993750 0.045312 0.975000 0.048438 0.962500 0.064062 0.945312 0.071875 0.931250 0.087500 0.917188 0.087500 0.912500 0.100000 0.893750 0.100000 0.889062 0.096875 0.889062 0.095312 0.884375 0.100000 0.882812 0.101562 0.885938 0.106250 0.885938 0.109375 0.882812 0.109375 0.878125 0.106250 0.878125 0.104688 0.873437 0.118750 0.859375 0.125000 0.848437 0.129688 0.846875 0.137500 0.835938 0.146875 0.834375 0.162500 0.821875 0.193750 0.789062 0.223438 0.750000 0.235937 0.718750 0.254688 0.717187 0.264062 0.710938 0.273438 0.709375
0 0.428125 0.696875 0.415625 0.695312 0.390625 0.701562 0.332813 0.706250 0.332813 0.712500 0.345313 0.709375 0.375000 0.709375 0.417187 0.700000 0.428125 0.701562
0 0.645312 0.504687 0.643750 0.517188 0.646875 0.518750 0.646875 0.525000 0.665625 0.523438 0.665625 0.518750 0.660937 0.517188 0.660937 0.509375
0 0.443750 0.509375 0.443750 0.514062 0.450000 0.515625 0.450000 0.531250 0.454688 0.531250 0.456250 0.526563 0.460938 0.526563 0.462500 0.517188 0.473438 0.517188 0.475000 0.514062 0.479687 0.514062 0.479687 0.506250 0.484375 0.504687 0.485938 0.532813 0.490625 0.532813 0.492188 0.515625 0.496875 0.514062 0.496875 0.500000 0.490625 0.500000 0.485938 0.493750 0.464062 0.493750 0.460938 0.501563 0.450000 0.501563 0.450000 0.507812
0 0.548438 0.478125 0.537500 0.481250 0.535937 0.490625 0.518750 0.492188 0.517188 0.496875 0.512500 0.496875 0.512500 0.520312 0.517188 0.520312 0.517188 0.503125 0.520312 0.500000 0.537500 0.500000 0.535937 0.504687 0.531250 0.504687 0.531250 0.514062 0.542188 0.510938 0.543750 0.506250 0.548438 0.506250 0.550000 0.510938 0.556250 0.510938 0.556250 0.507812 0.560937 0.506250 0.559375 0.492188 0.554688 0.492188 0.553125 0.495312 0.546875 0.493750
0 0.329688 0.475000 0.329688 0.520312 0.334375 0.520312 0.335938 0.514062 0.351562 0.514062 0.353125 0.504687 0.376563 0.506250 0.378125 0.510938 0.382812 0.512500 0.382812 0.523438 0.375000 0.525000 0.378125 0.532813 0.406250 0.534375 0.406250 0.529687 0.403125 0.528125 0.404687 0.521875 0.409375 0.521875 0.414062 0.529687 0.418750 0.529687 0.420312 0.532813 0.425000 0.532813 0.426563 0.529687 0.437500 0.531250 0.437500 0.507812 0.442188 0.506250 0.442188 0.500000 0.431250 0.501563 0.431250 0.525000 0.428125 0.525000 0.426563 0.520312 0.417187 0.523438 0.414062 0.512500 0.409375 0.512500 0.407813 0.517188 0.396875 0.518750 0.395313 0.512500 0.384375 0.509375 0.382812 0.498437 0.392188 0.496875 0.392188 0.492188 0.379688 0.492188 0.375000 0.500000 0.368750 0.500000 0.367188 0.492188 0.362500 0.492188 0.360938 0.501563 0.346875 0.500000 0.345313 0.503125 0.337500 0.503125 0.334375 0.475000
0 0.582812 0.448437 0.571875 0.448437 0.567187 0.453125 0.565625 0.471875 0.570312 0.478125 0.582812 0.475000 0.582812 0.459375 0.587500 0.457813 0.587500 0.453125 0.584375 0.453125
0 0.670312 0.309375 0.660937 0.309375 0.657813 0.323437 0.648438 0.329688 0.625000 0.357812 0.614062 0.412500 0.607812 0.420312 0.609375 0.434375 0.606250 0.476562 0.603125 0.490625 0.595313 0.495312 0.595313 0.500000 0.598437 0.501563 0.596875 0.510938 0.590625 0.512500 0.590625 0.546875 0.587500 0.550000 0.587500 0.562500 0.571875 0.603125 0.568750 0.637500 0.562500 0.651563 0.534375 0.676562 0.521875 0.681250 0.507812 0.696875 0.468750 0.700000 0.453125 0.703125 0.453125 0.707812 0.468750 0.707812 0.490625 0.701562 0.512500 0.701562 0.520312 0.696875 0.528125 0.685937 0.557813 0.665625 0.564063 0.664062 0.575000 0.635938 0.578125 0.600000 0.582812 0.595313 0.587500 0.578125 0.590625 0.576562 0.595313 0.556250 0.595313 0.540625 0.600000 0.537500 0.601562 0.531250 0.607812 0.531250 0.609375 0.526563 0.614062 0.526563 0.614062 0.501563 0.618750 0.498437 0.628125 0.501563 0.625000 0.492188 0.620313 0.492188 0.618750 0.495312 0.610938 0.495312 0.607812 0.492188 0.612500 0.471875 0.614062 0.428125 0.626563 0.387500 0.628125 0.365625 0.662500 0.326562 0.664062 0.315625 0.670312 0.314063
0 0.709375 0.289062 0.698438 0.292187 0.690625 0.301563 0.687500 0.301563 0.687500 0.307812 0.692187 0.307812 0.703125 0.296875 0.709375 0.295312
0 0.735938 0.284375 0.726562 0.285938 0.723437 0.290625 0.717187 0.290625 0.717187 0.295312 0.729688 0.295312 0.735938 0.289062
0 0.837500 0.000000 0.832812 0.000000 0.832812 0.026562 0.829688 0.034375 0.829688 0.048438 0.826562 0.053125 0.826562 0.067187 0.821875 0.082812 0.818750 0.084375 0.814063 0.106250 0.810937 0.145313 0.812500 0.175000 0.807813 0.181250 0.803125 0.203125 0.804688 0.231250 0.795312 0.250000 0.790625 0.250000 0.781250 0.260937 0.765625 0.260937 0.762500 0.264062 0.762500 0.279687 0.756250 0.284375 0.743750 0.285938 0.743750 0.290625 0.764062 0.289062 0.768750 0.282813 0.768750 0.268750 0.779687 0.264062 0.789062 0.264062 0.795312 0.253125 0.801562 0.251563 0.809375 0.239063 0.809375 0.198437 0.814063 0.193750 0.818750 0.168750 0.817187 0.150000 0.820312 0.103125 0.832812 0.068750 0.837500 0.028125
