0 0.026562 0.973437 0.021875 0.970313 0.010937 0.971875 0.010937 0.976562 0.000000 0.990625 0.000000 0.998437 0.012500 0.998437 0.015625 0.992188 0.026562 0.987500
0 0.053125 0.912500 0.042188 0.914062 0.040625 0.920312 0.034375 0.925000 0.034375 0.943750 0.048438 0.946875 0.056250 0.940625 0.057813 0.931250 0.060937 0.929688 0.060937 0.921875
0 0.876563 0.845313 0.876563 0.860938 0.884375 0.862500 0.885938 0.870313 0.892188 0.870313 0.890625 0.846875
0 0.095312 0.818750 0.087500 0.818750 0.082812 0.828125 0.065625 0.832812 0.064062 0.865625 0.068750 0.865625 0.073438 0.870313 0.087500 0.868750 0.089063 0.862500 0.093750 0.860938 0.096875 0.850000 0.092188 0.845313 0.090625 0.829688 0.095312 0.826562
0 0.167187 0.775000 0.134375 0.775000 0.126562 0.784375 0.121875 0.784375 0.120313 0.793750 0.112500 0.793750 0.114062 0.812500 0.123438 0.812500 0.121875 0.798438 0.131250 0.795312 0.142187 0.798438 0.148438 0.807813 0.156250 0.807813 0.160938 0.800000 0.168750 0.798438
0 0.254688 0.770312 0.248438 0.770312 0.248438 0.779687 0.240625 0.793750 0.240625 0.807813 0.250000 0.807813 0.251563 0.790625 0.256250 0.784375
0 0.192188 0.765625 0.192188 0.776563 0.204687 0.789062 0.220312 0.789062 0.220312 0.770312 0.214062 0.770312 0.209375 0.762500 0.196875 0.762500
0 0.232813 0.726562 0.229687 0.745313 0.239063 0.746875 0.243750 0.754687 0.273438 0.754687 0.273438 0.751563 0.278125 0.750000 0.278125 0.740625 0.275000 0.740625 0.273438 0.735938 0.270313 0.735938 0.264062 0.728125 0.264062 0.717187 0.251563 0.717187 0.248438 0.721875 0.237500 0.721875
0 0.298438 0.682813 0.298438 0.685937 0.289062 0.692187 0.290625 0.706250 0.312500 0.706250 0.317188 0.701562 0.318750 0.682813
0 0.714063 0.501563 0.696875 0.496875 0.693750 0.501563 0.679688 0.504687 0.675000 0.514062 0.665625 0.520312 0.640625 0.520312 0.637500 0.523438 0.617188 0.525000 0.606250 0.537500 0.600000 0.537500 0.593750 0.548438 0.584375 0.550000 0.575000 0.559375 0.560937 0.564063 0.554688 0.579688 0.546875 0.585938 0.545312 0.592187 0.535937 0.598437 0.521875 0.598437 0.520312 0.595313 0.490625 0.598437 0.485938 0.593750 0.475000 0.593750 0.460938 0.585938 0.429688 0.585938 0.409375 0.598437 0.378125 0.595313 0.365625 0.607812 0.351562 0.612500 0.350000 0.617188 0.342187 0.621875 0.337500 0.632812 0.328125 0.639062 0.323437 0.662500 0.331250 0.668750 0.346875 0.667188 0.356250 0.645312 0.365625 0.640625 0.368750 0.634375 0.392188 0.617188 0.404687 0.617188 0.406250 0.614062 0.421875 0.614062 0.425000 0.609375 0.459375 0.609375 0.464062 0.617188 0.473438 0.617188 0.482812 0.626563 0.490625 0.626563 0.495312 0.631250 0.539062 0.631250 0.550000 0.614062 0.560937 0.614062 0.565625 0.609375 0.568750 0.596875 0.581250 0.593750 0.585938 0.584375 0.596875 0.581250 0.604688 0.562500 0.635938 0.560937 0.639062 0.554688 0.650000 0.548438 0.673438 0.546875 0.689063 0.532813 0.701562 0.532813 0.707812 0.526563 0.715625 0.526563
0 0.723437 0.487500 0.726562 0.503125 0.734375 0.509375 0.734375 0.512500 0.751563 0.512500 0.756250 0.507812 0.776563 0.507812 0.779687 0.503125 0.803125 0.507812 0.817187 0.492188 0.818750 0.482812 0.821875 0.479687 0.829688 0.479687 0.832812 0.482812 0.832812 0.495312 0.837500 0.498437 0.837500 0.503125 0.843750 0.507812 0.851562 0.507812 0.857812 0.517188 0.868750 0.517188 0.871875 0.512500 0.901563 0.512500 0.904687 0.507812 0.925000 0.503125 0.931250 0.507812 0.940625 0.507812 0.946875 0.498437 0.968750 0.496875 0.973437 0.493750 0.973437 0.487500 0.965625 0.484375 0.965625 0.475000 0.954688 0.470313 0.948438 0.470313 0.945312 0.473438 0.893750 0.475000 0.882812 0.482812 0.879687 0.478125 0.859375 0.478125 0.848437 0.470313 0.825000 0.470313 0.814063 0.464062 0.784375 0.465625 0.781250 0.473438 0.770312 0.473438 0.768750 0.470313 0.731250 0.473438
0 0.968750 0.465625 0.968750 0.476562 0.976562 0.478125 0.987500 0.492188 0.998437 0.489063 0.998437 0.460938
