0 0.007812 0.823438 0.007812 0.831250 0.028125 0.831250 0.029687 0.837500 0.070312 0.837500 0.070312 0.831250 0.029687 0.831250 0.028125 0.825000
0 0.653125 0.735938 0.653125 0.743750 0.673438 0.743750 0.675000 0.750000 0.685937 0.750000 0.687500 0.756250 0.693750 0.757812 0.693750 0.762500 0.701562 0.762500 0.703125 0.768750 0.707812 0.768750 0.709375 0.775000 0.715625 0.776563 0.715625 0.781250 0.723437 0.781250 0.725000 0.787500 0.731250 0.787500 0.729688 0.775000 0.718750 0.773438 0.717187 0.767188 0.712500 0.767188 0.710938 0.760938 0.704688 0.759375 0.704688 0.754687 0.696875 0.754687 0.695312 0.748437 0.689063 0.746875 0.689063 0.742188 0.678125 0.742188 0.676562 0.735938
0 0.387500 0.584375 0.395313 0.612500 0.395313 0.632812 0.404687 0.657813 0.407813 0.739062 0.404687 0.750000 0.407813 0.962500 0.398438 0.979688 0.398438 0.990625 0.392188 0.993750 0.392188 0.998437 0.409375 0.998437 0.417187 0.978125 0.414062 0.684375 0.426563 0.681250 0.429688 0.687500 0.451562 0.692187 0.456250 0.700000 0.462500 0.700000 0.465625 0.706250 0.473438 0.707812 0.475000 0.712500 0.540625 0.712500 0.545312 0.718750 0.592187 0.718750 0.595313 0.725000 0.620313 0.725000 0.620313 0.717187 0.600000 0.717187 0.596875 0.710938 0.570312 0.710938 0.562500 0.704688 0.554688 0.704688 0.551562 0.710938 0.548438 0.704688 0.479687 0.704688 0.476562 0.698438 0.471875 0.698438 0.468750 0.692187 0.460938 0.692187 0.457813 0.685937 0.446875 0.685937 0.443750 0.679688 0.435937 0.679688 0.432812 0.673438 0.417187 0.673438 0.414062 0.668750 0.400000 0.596875 0.395313 0.585938
0 0.853125 0.264062 0.845313 0.262500 0.843750 0.268750 0.835938 0.268750 0.835938 0.273438 0.826562 0.275000 0.825000 0.281250 0.815625 0.281250 0.814063 0.285938 0.807813 0.287500 0.807813 0.292187 0.803125 0.293750 0.793750 0.306250 0.790625 0.306250 0.785937 0.312500 0.776563 0.312500 0.775000 0.318750 0.770312 0.318750 0.767188 0.312500 0.760938 0.312500 0.759375 0.307812 0.743750 0.306250 0.739062 0.300000 0.731250 0.300000 0.728125 0.312500 0.729688 0.332813 0.735938 0.332813 0.737500 0.323437 0.742188 0.320312 0.760938 0.320312 0.765625 0.326562 0.778125 0.328125 0.778125 0.321875 0.787500 0.320312 0.789062 0.314063 0.796875 0.314063 0.796875 0.309375 0.803125 0.307812 0.803125 0.303125 0.809375 0.301563 0.810937 0.295312 0.818750 0.295312 0.820312 0.289062 0.828125 0.289062 0.829688 0.282813 0.837500 0.282813 0.839063 0.276562 0.846875 0.276562 0.846875 0.271875 0.853125 0.270313
0 0.625000 0.225000 0.625000 0.232813 0.631250 0.234375 0.643750 0.264062 0.650000 0.265625 0.659375 0.289062 0.664062 0.289062 0.665625 0.295312 0.673438 0.295312 0.673438 0.287500 0.667188 0.285938 0.660937 0.268750 0.651563 0.260937 0.639062 0.231250 0.634375 0.231250 0.632812 0.225000
0 0.584375 0.175000 0.584375 0.182812 0.589063 0.182812 0.590625 0.187500 0.601562 0.189062 0.603125 0.195312 0.607812 0.196875 0.607812 0.201563 0.614062 0.201563 0.614062 0.187500 0.604688 0.175000
0 0.998437 0.154688 0.990625 0.156250 0.990625 0.159375 0.984375 0.162500 0.982812 0.168750 0.975000 0.168750 0.975000 0.173437 0.968750 0.175000 0.967187 0.181250 0.960938 0.181250 0.959375 0.187500 0.953125 0.187500 0.951562 0.193750 0.945312 0.193750 0.943750 0.200000 0.935937 0.200000 0.934375 0.206250 0.918750 0.206250 0.918750 0.210938 0.910937 0.212500 0.910937 0.217188 0.904687 0.218750 0.903125 0.225000 0.895312 0.225000 0.893750 0.231250 0.882812 0.231250 0.881250 0.237500 0.870313 0.237500 0.868750 0.243750 0.862500 0.243750 0.857812 0.250000 0.854688 0.250000 0.854688 0.256250 0.865625 0.257812 0.867188 0.251563 0.875000 0.251563 0.876563 0.245312 0.885938 0.245312 0.887500 0.239063 0.896875 0.239063 0.898438 0.232813 0.904687 0.232813 0.906250 0.226562 0.912500 0.226562 0.914062 0.221875 0.921875 0.220312 0.925000 0.214062 0.937500 0.214062 0.940625 0.207813 0.948438 0.207813 0.948438 0.203125 0.956250 0.201563 0.957812 0.195312 0.964063 0.195312 0.964063 0.190625 0.970313 0.189062 0.971875 0.182812 0.978125 0.182812 0.981250 0.176563 0.985938 0.176563 0.987500 0.170313 0.995313 0.170313
0 0.448437 0.150000 0.442188 0.150000 0.439063 0.156250 0.434375 0.156250 0.434375 0.171875 0.421875 0.190625 0.414062 0.228125 0.409375 0.284375 0.401562 0.293750 0.398438 0.293750 0.395313 0.317188 0.392188 0.318750 0.385937 0.332813 0.382812 0.354687 0.376563 0.362500 0.373437 0.362500 0.368750 0.392188 0.360938 0.401562 0.360938 0.425000 0.357812 0.426563 0.357812 0.437500 0.354687 0.439063 0.354687 0.453125 0.357812 0.454688 0.360938 0.478125 0.367188 0.485938 0.367188 0.510938 0.370312 0.512500 0.373437 0.550000 0.381250 0.578125 0.387500 0.578125 0.387500 0.567187 0.382812 0.556250 0.375000 0.489063 0.370312 0.485938 0.368750 0.464062 0.364063 0.457813 0.365625 0.435937 0.370312 0.428125 0.371875 0.404687 0.378125 0.396875 0.379688 0.373437 0.393750 0.357812 0.395313 0.335938 0.400000 0.332813 0.404687 0.321875 0.406250 0.298438 0.414062 0.295312 0.418750 0.285938 0.429688 0.201563 0.435937 0.189062 0.437500 0.171875 0.445312 0.164062
0 0.226562 0.131250 0.226562 0.137500 0.264062 0.139063 0.264062 0.131250
0 0.450000 0.129688 0.450000 0.143750 0.479687 0.145313 0.481250 0.151562 0.487500 0.153125 0.487500 0.157812 0.515625 0.157812 0.520312 0.164062 0.532813 0.164062 0.534375 0.168750 0.543750 0.170313 0.545312 0.176563 0.556250 0.176563 0.557813 0.182812 0.567187 0.182812 0.568750 0.187500 0.576562 0.187500 0.576562 0.181250 0.571875 0.179688 0.571875 0.175000 0.562500 0.175000 0.560937 0.168750 0.553125 0.167187 0.551562 0.162500 0.543750 0.159375 0.543750 0.156250 0.528125 0.154688 0.526563 0.150000 0.504687 0.148438 0.503125 0.143750 0.484375 0.142187 0.482812 0.137500 0.475000 0.135937 0.473438 0.131250
0 0.159375 0.125000 0.159375 0.131250 0.185938 0.131250 0.185938 0.125000
0 0.289062 0.000000 0.287500 0.017188 0.289062 0.025000 0.292187 0.026562 0.293750 0.051562 0.292187 0.082812 0.295312 0.087500 0.295312 0.100000 0.298438 0.101562 0.298438 0.118750 0.301563 0.120313 0.304688 0.131250 0.312500 0.131250 0.315625 0.126562 0.320312 0.126562 0.323437 0.131250 0.339062 0.131250 0.342187 0.137500 0.348438 0.139063 0.354687 0.145313 0.365625 0.143750 0.368750 0.139063 0.389062 0.139063 0.410938 0.159375 0.410938 0.162500 0.418750 0.162500 0.418750 0.156250 0.406250 0.137500 0.396875 0.135937 0.393750 0.129688 0.362500 0.131250 0.356250 0.125000 0.345313 0.123438 0.342187 0.117188 0.334375 0.117188 0.331250 0.110937 0.312500 0.109375 0.300000 0.082812 0.300000 0.023438 0.296875 0.020313 0.296875 0.000000
