0 0.867188 0.937500 0.868750 0.959375 0.873437 0.968750 0.871875 0.981250 0.873437 0.985938 0.881250 0.985938 0.882812 0.965625 0.878125 0.962500 0.881250 0.951562 0.878125 0.950000 0.876563 0.939063
0 0.737500 0.887500 0.731250 0.887500 0.731250 0.893750 0.728125 0.896875 0.734375 0.923438 0.725000 0.937500 0.721875 0.960938 0.718750 0.962500 0.721875 0.981250 0.720313 0.998437 0.737500 0.998437 0.737500 0.987500 0.734375 0.985938 0.732812 0.954688 0.735938 0.953125 0.737500 0.940625 0.742188 0.935937 0.742188 0.917188 0.737500 0.914062
0 0.037500 0.753125 0.039062 0.771875 0.042188 0.776563 0.053125 0.776563 0.048438 0.754687
0 0.567187 0.559375 0.550000 0.559375 0.542188 0.568750 0.542188 0.579688 0.537500 0.584375 0.537500 0.595313 0.543750 0.598437 0.550000 0.610938 0.559375 0.615625 0.559375 0.634375 0.564063 0.640625 0.559375 0.693750 0.546875 0.703125 0.542188 0.712500 0.540625 0.735938 0.537500 0.737500 0.537500 0.751563 0.545312 0.756250 0.546875 0.787500 0.540625 0.823438 0.543750 0.856250 0.534375 0.868750 0.520312 0.876563 0.515625 0.885938 0.506250 0.887500 0.506250 0.912500 0.510938 0.915625 0.510938 0.953125 0.520312 0.976562 0.532813 0.990625 0.532813 0.998437 0.546875 0.998437 0.546875 0.987500 0.539062 0.981250 0.539062 0.971875 0.532813 0.965625 0.521875 0.921875 0.534375 0.901563 0.534375 0.892188 0.543750 0.885938 0.550000 0.873437 0.565625 0.859375 0.565625 0.840625 0.560937 0.835938 0.560937 0.809375 0.565625 0.804688 0.565625 0.771875 0.560937 0.768750 0.560937 0.762500 0.556250 0.756250 0.556250 0.729688 0.573438 0.703125 0.575000 0.690625 0.578125 0.687500 0.579688 0.660937 0.578125 0.617188 0.573438 0.607812 0.568750 0.607812 0.565625 0.600000 0.560937 0.596875 0.560937 0.573438 0.568750 0.568750
0 0.751563 0.412500 0.745313 0.421875 0.746875 0.431250 0.751563 0.434375 0.765625 0.434375 0.768750 0.431250 0.768750 0.421875 0.760938 0.412500
0 0.850000 0.379688 0.846875 0.396875 0.850000 0.401562 0.857812 0.401562 0.862500 0.395313 0.862500 0.389062 0.867188 0.387500 0.867188 0.381250
0 0.621875 0.378125 0.615625 0.378125 0.612500 0.381250 0.612500 0.396875 0.615625 0.398438 0.615625 0.409375 0.620313 0.415625 0.620313 0.423438 0.617188 0.425000 0.617188 0.435937 0.607812 0.437500 0.607812 0.446875 0.612500 0.446875 0.615625 0.451562 0.615625 0.467187 0.620313 0.481250 0.617188 0.482812 0.615625 0.489063 0.607812 0.493750 0.601562 0.514062 0.592187 0.517188 0.590625 0.526563 0.585938 0.529687 0.576562 0.529687 0.576562 0.537500 0.581250 0.540625 0.582812 0.546875 0.593750 0.546875 0.603125 0.539062 0.607812 0.539062 0.609375 0.534375 0.617188 0.529687 0.621875 0.514062 0.631250 0.512500 0.631250 0.448437 0.635938 0.446875 0.635938 0.420312 0.632812 0.417187 0.635938 0.409375 0.640625 0.407813 0.640625 0.385937 0.626563 0.385937
0 0.754687 0.342187 0.753125 0.365625 0.757812 0.370312 0.776563 0.370312 0.776563 0.357812 0.767188 0.353125 0.767188 0.342187
0 0.871875 0.065625 0.871875 0.071875 0.876563 0.075000 0.876563 0.087500 0.881250 0.090625 0.892188 0.090625 0.895312 0.087500 0.892188 0.071875 0.881250 0.065625
0 0.748437 0.012500 0.732812 0.010937 0.723437 0.015625 0.717187 0.025000 0.685937 0.029687 0.665625 0.046875 0.671875 0.073438 0.670312 0.123438 0.673438 0.125000 0.673438 0.137500 0.668750 0.140625 0.668750 0.146875 0.664062 0.151562 0.665625 0.162500 0.656250 0.165625 0.645312 0.179688 0.642188 0.196875 0.642188 0.210938 0.650000 0.212500 0.657813 0.225000 0.664062 0.228125 0.665625 0.234375 0.660937 0.242188 0.659375 0.260937 0.656250 0.262500 0.654687 0.268750 0.645312 0.271875 0.632812 0.281250 0.632812 0.326562 0.612500 0.351562 0.612500 0.360938 0.626563 0.360938 0.634375 0.348438 0.640625 0.348438 0.640625 0.337500 0.648438 0.328125 0.650000 0.293750 0.665625 0.273438 0.675000 0.271875 0.679688 0.262500 0.681250 0.242188 0.679688 0.235937 0.671875 0.228125 0.671875 0.212500 0.679688 0.203125 0.679688 0.171875 0.676562 0.162500 0.684375 0.153125 0.684375 0.140625 0.689063 0.137500 0.689063 0.117188 0.684375 0.114062 0.684375 0.095312 0.689063 0.090625 0.689063 0.068750 0.685937 0.065625 0.685937 0.059375 0.696875 0.039062 0.700000 0.043750 0.709375 0.043750 0.714063 0.035937 0.728125 0.035937 0.735938 0.026562 0.743750 0.026562 0.748437 0.021875
