0 0.998437 0.837500 0.992188 0.837500 0.989062 0.842187 0.976562 0.842187 0.975000 0.853125 0.978125 0.860938 0.982812 0.864062 0.998437 0.864062
0 0.798438 0.829688 0.787500 0.832812 0.784375 0.842187 0.776563 0.842187 0.779687 0.859375 0.795312 0.860938 0.801562 0.846875
0 0.245312 0.785937 0.231250 0.784375 0.229687 0.787500 0.215625 0.789062 0.214062 0.798438 0.226562 0.800000 0.229687 0.803125 0.242188 0.803125 0.242188 0.798438 0.245312 0.796875
0 0.639062 0.704688 0.639062 0.728125 0.651563 0.739062 0.651563 0.745313 0.670312 0.764062 0.676562 0.767188 0.690625 0.767188 0.701562 0.773438 0.740625 0.773438 0.753125 0.785937 0.796875 0.812500 0.801562 0.817187 0.801562 0.825000 0.835938 0.825000 0.839063 0.828125 0.842187 0.848437 0.856250 0.848437 0.865625 0.860938 0.882812 0.860938 0.885938 0.864062 0.896875 0.864062 0.901563 0.870313 0.920312 0.870313 0.923438 0.873437 0.945312 0.873437 0.946875 0.870313 0.953125 0.868750 0.953125 0.860938 0.943750 0.850000 0.932813 0.850000 0.926562 0.842187 0.889062 0.842187 0.882812 0.837500 0.876563 0.837500 0.873437 0.832812 0.862500 0.829688 0.859375 0.826562 0.859375 0.820312 0.846875 0.807813 0.828125 0.806250 0.825000 0.801562 0.809375 0.801562 0.807813 0.798438 0.800000 0.796875 0.785937 0.785937 0.784375 0.779687 0.779687 0.779687 0.767188 0.767188 0.760938 0.765625 0.759375 0.762500 0.745313 0.762500 0.740625 0.753125 0.734375 0.753125 0.728125 0.760938 0.720313 0.762500 0.715625 0.754687 0.709375 0.753125 0.706250 0.748437 0.698438 0.748437 0.696875 0.745313 0.685937 0.743750 0.684375 0.740625 0.673438 0.737500 0.662500 0.726562 0.657813 0.714063 0.648438 0.704688
0 0.228125 0.532813 0.228125 0.542188 0.235937 0.551562 0.246875 0.551562 0.248438 0.548438 0.275000 0.551562 0.296875 0.543750 0.320312 0.570312 0.328125 0.573438 0.356250 0.570312 0.364063 0.564063 0.417187 0.565625 0.425000 0.582812 0.439063 0.595313 0.446875 0.595313 0.451562 0.601562 0.457813 0.601562 0.460938 0.596875 0.473438 0.596875 0.482812 0.601562 0.492188 0.621875 0.509375 0.623437 0.531250 0.639062 0.537500 0.640625 0.546875 0.657813 0.557813 0.657813 0.575000 0.670312 0.593750 0.676562 0.600000 0.684375 0.610938 0.684375 0.615625 0.692187 0.625000 0.696875 0.640625 0.698438 0.640625 0.687500 0.626563 0.676562 0.626563 0.668750 0.618750 0.660937 0.582812 0.648438 0.542188 0.623437 0.539062 0.612500 0.517188 0.607812 0.498437 0.598437 0.484375 0.578125 0.456250 0.581250 0.440625 0.564063 0.432812 0.560937 0.431250 0.550000 0.423438 0.542188 0.373437 0.542188 0.348438 0.559375 0.335938 0.559375 0.318750 0.531250 0.307812 0.528125 0.300000 0.520312 0.289062 0.525000 0.242188 0.525000
0 0.118750 0.520312 0.121875 0.539062 0.128125 0.539062 0.129688 0.543750 0.146875 0.543750 0.153125 0.553125 0.165625 0.553125 0.167187 0.556250 0.173437 0.556250 0.175000 0.560937 0.212500 0.560937 0.215625 0.557813 0.215625 0.550000 0.212500 0.548438 0.207813 0.532813 0.168750 0.532813 0.167187 0.528125 0.164062 0.528125 0.157812 0.520312 0.146875 0.520312 0.145313 0.515625 0.123438 0.515625
0 0.000000 0.464062 0.000000 0.487500 0.025000 0.479687 0.029687 0.475000 0.042188 0.475000 0.053125 0.479687 0.075000 0.479687 0.082812 0.485938 0.082812 0.489063 0.093750 0.489063 0.100000 0.498437 0.114062 0.498437 0.114062 0.495312 0.118750 0.493750 0.118750 0.481250 0.103125 0.470313 0.096875 0.460938 0.087500 0.460938 0.082812 0.456250 0.064062 0.456250 0.059375 0.451562 0.021875 0.453125 0.006250 0.464062
0 0.067187 0.360938 0.068750 0.370312 0.079687 0.370312 0.082812 0.375000 0.089063 0.375000 0.092188 0.371875 0.092188 0.360938 0.087500 0.356250 0.076563 0.356250 0.075000 0.359375
0 0.732812 0.293750 0.731250 0.304688 0.735938 0.307812 0.739062 0.317188 0.751563 0.317188 0.753125 0.306250 0.750000 0.298438 0.745313 0.298438 0.742188 0.293750
0 0.250000 0.081250 0.251563 0.101562 0.282813 0.101562 0.287500 0.096875 0.285938 0.078125 0.254688 0.073438 0.253125 0.079687
