0 0.696875 0.901563 0.695312 0.920312 0.698438 0.923438 0.706250 0.923438 0.704688 0.901563
0 0.751563 0.873437 0.748437 0.876563 0.748437 0.889062 0.757812 0.900000 0.762500 0.901563 0.762500 0.904687 0.775000 0.906250 0.775000 0.928125 0.784375 0.935937 0.784375 0.956250 0.789062 0.957812 0.803125 0.975000 0.809375 0.975000 0.810937 0.979688 0.815625 0.979688 0.818750 0.984375 0.831250 0.989062 0.834375 0.998437 0.865625 0.998437 0.865625 0.995313 0.860938 0.993750 0.860938 0.987500 0.851562 0.979688 0.846875 0.968750 0.828125 0.951562 0.818750 0.951562 0.817187 0.946875 0.807813 0.939063 0.807813 0.934375 0.804688 0.934375 0.803125 0.929688 0.793750 0.923438 0.793750 0.915625 0.790625 0.907813 0.785937 0.904687 0.785937 0.890625 0.781250 0.889062 0.781250 0.881250 0.778125 0.881250 0.776563 0.876563 0.759375 0.876563 0.757812 0.873437
0 0.675000 0.779687 0.673438 0.790625 0.678125 0.798438 0.685937 0.800000 0.690625 0.804688 0.692187 0.814063 0.706250 0.832812 0.717187 0.834375 0.726562 0.840625 0.731250 0.859375 0.737500 0.865625 0.743750 0.865625 0.745313 0.829688 0.731250 0.826562 0.720313 0.810937 0.717187 0.810937 0.715625 0.806250 0.706250 0.800000 0.706250 0.795312 0.698438 0.790625 0.696875 0.784375 0.690625 0.784375 0.689063 0.779687
0 0.635938 0.748437 0.635938 0.754687 0.643750 0.768750 0.656250 0.770312 0.656250 0.762500 0.650000 0.756250 0.648438 0.750000
0 0.585938 0.639062 0.585938 0.653125 0.595313 0.662500 0.620313 0.667188 0.639062 0.689063 0.648438 0.689063 0.650000 0.681250 0.653125 0.679688 0.650000 0.664062 0.645312 0.660937 0.637500 0.660937 0.634375 0.656250 0.610938 0.654687 0.604688 0.645312 0.595313 0.642188 0.593750 0.639062
0 0.196875 0.556250 0.196875 0.564063 0.192188 0.565625 0.192188 0.589063 0.201563 0.600000 0.215625 0.601562 0.215625 0.592187 0.225000 0.579688 0.225000 0.564063 0.221875 0.559375 0.214062 0.559375 0.214062 0.562500 0.209375 0.564063 0.204687 0.556250
0 0.404687 0.529687 0.407813 0.551562 0.421875 0.570312 0.435937 0.575000 0.448437 0.575000 0.457813 0.582812 0.464062 0.582812 0.473438 0.595313 0.503125 0.614062 0.531250 0.614062 0.529687 0.603125 0.520312 0.603125 0.517188 0.598437 0.506250 0.598437 0.504687 0.595313 0.496875 0.593750 0.489063 0.585938 0.489063 0.581250 0.478125 0.576562 0.475000 0.570312 0.465625 0.564063 0.465625 0.559375 0.459375 0.557813 0.457813 0.551562 0.442188 0.550000 0.435937 0.537500 0.428125 0.537500 0.423438 0.528125
0 0.168750 0.487500 0.168750 0.493750 0.175000 0.498437 0.175000 0.507812 0.181250 0.507812 0.184375 0.517188 0.187500 0.518750 0.187500 0.531250 0.192188 0.545312 0.206250 0.546875 0.207813 0.515625 0.206250 0.496875 0.200000 0.487500
0 0.089063 0.443750 0.087500 0.453125 0.090625 0.457813 0.109375 0.459375 0.117188 0.467187 0.129688 0.468750 0.129688 0.460938 0.125000 0.456250 0.114062 0.453125 0.106250 0.443750
0 0.353125 0.434375 0.351562 0.448437 0.359375 0.462500 0.364063 0.464062 0.364063 0.470313 0.368750 0.473438 0.373437 0.485938 0.376563 0.487500 0.381250 0.510938 0.387500 0.514062 0.400000 0.512500 0.404687 0.503125 0.404687 0.493750 0.396875 0.489063 0.395313 0.475000 0.390625 0.473438 0.387500 0.465625 0.382812 0.462500 0.382812 0.446875 0.378125 0.435937
0 0.000000 0.373437 0.000000 0.400000 0.010937 0.407813 0.017188 0.418750 0.048438 0.426563 0.050000 0.431250 0.054688 0.431250 0.056250 0.435937 0.062500 0.435937 0.064062 0.440625 0.078125 0.440625 0.078125 0.431250 0.075000 0.426563 0.065625 0.425000 0.059375 0.417187 0.050000 0.417187 0.048438 0.412500 0.032813 0.407813 0.021875 0.395313 0.017188 0.393750 0.017188 0.390625 0.004687 0.384375 0.004687 0.373437
0 0.267188 0.371875 0.267188 0.407813 0.271875 0.409375 0.271875 0.414062 0.276562 0.415625 0.284375 0.431250 0.292187 0.435937 0.293750 0.440625 0.309375 0.440625 0.309375 0.428125 0.296875 0.421875 0.295312 0.417187 0.282813 0.407813 0.282813 0.403125 0.278125 0.398438 0.278125 0.375000
0 0.196875 0.209375 0.196875 0.218750 0.201563 0.223438 0.204687 0.242188 0.209375 0.243750 0.210938 0.259375 0.221875 0.265625 0.220312 0.279687 0.243750 0.293750 0.245312 0.320312 0.251563 0.329688 0.257812 0.331250 0.262500 0.348438 0.270313 0.348438 0.273438 0.323437 0.268750 0.321875 0.268750 0.315625 0.264062 0.314063 0.251563 0.292187 0.246875 0.290625 0.246875 0.279687 0.237500 0.275000 0.232813 0.264062 0.223438 0.256250 0.223438 0.242188 0.220312 0.239063 0.220312 0.232813 0.215625 0.231250 0.215625 0.217188 0.210938 0.214062 0.210938 0.209375
0 0.104688 0.064062 0.103125 0.075000 0.109375 0.096875 0.117188 0.104688 0.123438 0.104688 0.123438 0.092188 0.118750 0.087500 0.117188 0.068750 0.114062 0.064062
0 0.903125 0.060937 0.901563 0.071875 0.896875 0.073438 0.896875 0.081250 0.903125 0.089063 0.903125 0.100000 0.910937 0.107813 0.912500 0.114062 0.926562 0.114062 0.932813 0.107813 0.932813 0.100000 0.920312 0.100000 0.917188 0.095312 0.909375 0.093750 0.906250 0.089063 0.906250 0.073438 0.912500 0.070312 0.910937 0.060937
