0 0.118750 0.920312 0.107813 0.920312 0.101562 0.928125 0.085938 0.929688 0.070312 0.942187 0.064062 0.951562 0.025000 0.953125 0.009375 0.964063 0.000000 0.964063 0.000000 0.979688 0.010937 0.979688 0.014063 0.975000 0.025000 0.975000 0.026562 0.971875 0.062500 0.970313 0.070312 0.962500 0.084375 0.962500 0.093750 0.945312 0.101562 0.943750 0.106250 0.939063 0.114062 0.939063 0.118750 0.934375
0 0.167187 0.898438 0.145313 0.898438 0.129688 0.910937 0.131250 0.921875 0.142187 0.921875 0.151562 0.912500 0.164062 0.910937 0.167187 0.906250
0 0.185938 0.881250 0.185938 0.887500 0.210938 0.887500 0.217188 0.882812 0.223438 0.882812 0.226562 0.875000 0.237500 0.871875 0.250000 0.875000 0.262500 0.882812 0.268750 0.882812 0.270313 0.878125 0.275000 0.878125 0.276562 0.882812 0.284375 0.882812 0.289062 0.904687 0.320312 0.904687 0.321875 0.890625 0.317188 0.889062 0.317188 0.881250 0.314063 0.881250 0.306250 0.871875 0.296875 0.871875 0.295312 0.867188 0.285938 0.862500 0.260937 0.862500 0.256250 0.854688 0.251563 0.854688 0.248438 0.850000 0.235937 0.850000 0.232813 0.845313 0.218750 0.846875 0.218750 0.853125 0.210938 0.856250 0.196875 0.875000
0 0.162500 0.723437 0.160938 0.734375 0.173437 0.750000 0.193750 0.750000 0.195312 0.737500 0.190625 0.735938 0.184375 0.726562 0.179688 0.726562 0.178125 0.723437
0 0.053125 0.704688 0.053125 0.715625 0.081250 0.715625 0.090625 0.710938 0.098437 0.720313 0.107813 0.723437 0.126562 0.723437 0.129688 0.720313 0.140625 0.718750 0.140625 0.709375 0.125000 0.709375 0.123438 0.704688 0.095312 0.704688 0.082812 0.701562
0 0.000000 0.696875 0.000000 0.709375 0.003125 0.710938 0.026562 0.709375 0.026562 0.700000
0 0.487500 0.631250 0.470313 0.632812 0.462500 0.640625 0.453125 0.642188 0.446875 0.651563 0.434375 0.651563 0.425000 0.660937 0.404687 0.660937 0.400000 0.665625 0.393750 0.665625 0.390625 0.670312 0.385937 0.670312 0.384375 0.678125 0.367188 0.678125 0.365625 0.675000 0.318750 0.678125 0.314063 0.673438 0.268750 0.670312 0.257812 0.675000 0.254688 0.693750 0.260937 0.696875 0.331250 0.698438 0.334375 0.696875 0.339062 0.684375 0.348438 0.684375 0.354687 0.701562 0.360938 0.701562 0.365625 0.706250 0.387500 0.706250 0.389062 0.703125 0.407813 0.700000 0.446875 0.662500 0.464062 0.662500 0.475000 0.657813 0.487500 0.639062
0 0.609375 0.604688 0.620313 0.604688 0.634375 0.623437 0.645312 0.621875 0.646875 0.618750 0.660937 0.620313 0.671875 0.614062 0.676562 0.606250 0.678125 0.592187 0.668750 0.592187 0.660937 0.598437 0.653125 0.600000 0.648438 0.607812 0.643750 0.609375 0.632812 0.598437 0.631250 0.592187 0.612500 0.590625 0.609375 0.593750
0 0.814063 0.579688 0.812500 0.576562 0.804688 0.576562 0.798438 0.570312 0.795312 0.559375 0.787500 0.559375 0.785937 0.567187 0.781250 0.567187 0.776563 0.559375 0.768750 0.559375 0.767188 0.564063 0.757812 0.564063 0.748437 0.573438 0.740625 0.573438 0.739062 0.576562 0.731250 0.576562 0.725000 0.581250 0.712500 0.581250 0.709375 0.587500 0.704688 0.589063 0.704688 0.595313 0.712500 0.596875 0.714063 0.600000 0.745313 0.600000 0.765625 0.587500 0.773438 0.587500 0.776563 0.592187 0.812500 0.592187
0 0.604688 0.565625 0.593750 0.562500 0.585938 0.556250 0.578125 0.556250 0.571875 0.564063 0.564063 0.565625 0.559375 0.576562 0.559375 0.584375 0.550000 0.585938 0.542188 0.592187 0.543750 0.604688 0.556250 0.604688 0.565625 0.595313 0.568750 0.587500 0.601562 0.582812 0.604688 0.578125
0 0.998437 0.554688 0.989062 0.550000 0.937500 0.546875 0.917188 0.554688 0.909375 0.564063 0.895312 0.564063 0.878125 0.571875 0.870313 0.571875 0.860938 0.564063 0.856250 0.564063 0.853125 0.559375 0.840625 0.559375 0.835938 0.571875 0.832812 0.573438 0.834375 0.587500 0.860938 0.587500 0.862500 0.582812 0.868750 0.582812 0.871875 0.592187 0.906250 0.592187 0.909375 0.587500 0.939063 0.587500 0.942187 0.582812 0.960938 0.578125 0.962500 0.575000 0.970313 0.578125 0.982812 0.578125 0.984375 0.575000 0.998437 0.573438
0 0.237500 0.000000 0.221875 0.000000 0.215625 0.009375 0.218750 0.025000 0.229687 0.025000 0.231250 0.010937 0.237500 0.009375
