0 0.381250 0.951562 0.373437 0.956250 0.373437 0.998437 0.400000 0.998437 0.400000 0.968750 0.396875 0.967187 0.396875 0.954688 0.392188 0.951562
0 0.889062 0.912500 0.889062 0.918750 0.893750 0.921875 0.893750 0.926562 0.909375 0.926562 0.909375 0.917188 0.904687 0.917188 0.900000 0.912500
0 0.903125 0.820312 0.900000 0.846875 0.903125 0.850000 0.912500 0.850000 0.914062 0.835938 0.929688 0.834375 0.929688 0.825000 0.920312 0.825000 0.914062 0.820312
0 0.950000 0.706250 0.942187 0.706250 0.939063 0.712500 0.937500 0.737500 0.925000 0.739062 0.925000 0.764062 0.928125 0.768750 0.921875 0.773438 0.923438 0.785937 0.931250 0.785937 0.935937 0.778125 0.942187 0.776563 0.940625 0.765625 0.943750 0.764062 0.943750 0.753125 0.940625 0.751563 0.940625 0.746875 0.943750 0.742188 0.953125 0.739062
0 0.520312 0.668750 0.510938 0.668750 0.500000 0.687500 0.492188 0.687500 0.487500 0.690625 0.487500 0.696875 0.484375 0.698438 0.485938 0.706250 0.490625 0.706250 0.492188 0.710938 0.498437 0.710938 0.512500 0.701562 0.517188 0.693750 0.517188 0.687500 0.521875 0.685937
0 0.484375 0.629687 0.475000 0.629687 0.468750 0.639062 0.460938 0.639062 0.460938 0.659375 0.445312 0.670312 0.443750 0.714063 0.440625 0.725000 0.450000 0.732812 0.448437 0.759375 0.443750 0.762500 0.443750 0.773438 0.448437 0.778125 0.448437 0.804688 0.453125 0.809375 0.454688 0.823438 0.448437 0.829688 0.448437 0.834375 0.439063 0.840625 0.439063 0.846875 0.443750 0.850000 0.443750 0.856250 0.451562 0.856250 0.453125 0.850000 0.457813 0.846875 0.460938 0.864062 0.457813 0.870313 0.451562 0.873437 0.450000 0.870313 0.437500 0.870313 0.431250 0.857812 0.417187 0.859375 0.417187 0.873437 0.412500 0.876563 0.412500 0.892188 0.409375 0.895312 0.393750 0.892188 0.387500 0.893750 0.385937 0.904687 0.390625 0.909375 0.406250 0.906250 0.412500 0.900000 0.425000 0.900000 0.429688 0.906250 0.429688 0.918750 0.435937 0.918750 0.442188 0.909375 0.442188 0.900000 0.450000 0.895312 0.450000 0.885938 0.462500 0.882812 0.462500 0.879687 0.473438 0.871875 0.478125 0.860938 0.493750 0.860938 0.493750 0.850000 0.489063 0.846875 0.489063 0.840625 0.479687 0.837500 0.478125 0.823438 0.471875 0.817187 0.475000 0.810937 0.475000 0.784375 0.471875 0.781250 0.471875 0.767188 0.467187 0.764062 0.467187 0.745313 0.473438 0.740625 0.473438 0.734375 0.462500 0.726562 0.462500 0.720313 0.457813 0.715625 0.460938 0.685937 0.470313 0.673438 0.470313 0.660937 0.467187 0.656250 0.490625 0.640625 0.490625 0.634375
0 0.998437 0.576562 0.992188 0.581250 0.990625 0.590625 0.979688 0.595313 0.979688 0.601562 0.973437 0.607812 0.973437 0.626563 0.978125 0.631250 0.978125 0.637500 0.981250 0.637500 0.982812 0.643750 0.985938 0.645312 0.987500 0.662500 0.995313 0.662500 0.992188 0.629687 0.989062 0.626563 0.987500 0.615625 0.995313 0.612500 0.995313 0.603125 0.998437 0.600000
0 0.570312 0.537500 0.559375 0.540625 0.559375 0.545312 0.554688 0.546875 0.550000 0.556250 0.537500 0.568750 0.535937 0.576562 0.520312 0.579688 0.520312 0.592187 0.528125 0.592187 0.531250 0.596875 0.537500 0.598437 0.534375 0.631250 0.528125 0.645312 0.528125 0.657813 0.532813 0.662500 0.539062 0.662500 0.542188 0.657813 0.542188 0.637500 0.548438 0.635938 0.548438 0.607812 0.543750 0.600000 0.543750 0.592187 0.550000 0.587500 0.557813 0.587500 0.560937 0.576562 0.570312 0.575000 0.578125 0.565625 0.578125 0.550000
0 0.689063 0.451562 0.679688 0.451562 0.676562 0.454688 0.650000 0.453125 0.642188 0.465625 0.634375 0.467187 0.632812 0.482812 0.618750 0.485938 0.617188 0.490625 0.612500 0.492188 0.612500 0.495312 0.604688 0.501563 0.585938 0.506250 0.585938 0.514062 0.593750 0.523438 0.595313 0.529687 0.598437 0.529687 0.600000 0.534375 0.612500 0.531250 0.614062 0.520312 0.618750 0.518750 0.623437 0.509375 0.637500 0.503125 0.640625 0.490625 0.657813 0.484375 0.657813 0.478125 0.673438 0.467187 0.675000 0.462500 0.689063 0.459375
0 0.700000 0.398438 0.695312 0.406250 0.696875 0.418750 0.695312 0.428125 0.692187 0.429688 0.692187 0.451562 0.715625 0.453125 0.717187 0.434375 0.714063 0.426563 0.714063 0.403125 0.709375 0.398438
0 0.721875 0.368750 0.723437 0.379688 0.732812 0.379688 0.737500 0.375000 0.750000 0.373437 0.750000 0.364063 0.742188 0.359375 0.729688 0.359375 0.726562 0.367188
0 0.829688 0.279687 0.823438 0.279687 0.821875 0.275000 0.803125 0.278125 0.801562 0.296875 0.798438 0.298438 0.795312 0.342187 0.782813 0.354687 0.778125 0.354687 0.768750 0.346875 0.762500 0.346875 0.762500 0.360938 0.768750 0.365625 0.789062 0.365625 0.790625 0.362500 0.803125 0.360938 0.803125 0.345313 0.812500 0.339062 0.815625 0.314063 0.820312 0.312500 0.820312 0.290625 0.823438 0.285938 0.829688 0.285938
0 0.900000 0.014063 0.889062 0.014063 0.876563 0.025000 0.876563 0.042188 0.873437 0.043750 0.871875 0.065625 0.867188 0.068750 0.862500 0.079687 0.857812 0.082812 0.843750 0.082812 0.829688 0.095312 0.818750 0.096875 0.815625 0.106250 0.807813 0.114062 0.809375 0.137500 0.806250 0.139063 0.806250 0.162500 0.814063 0.167187 0.814063 0.200000 0.818750 0.204687 0.818750 0.225000 0.823438 0.228125 0.818750 0.234375 0.818750 0.243750 0.821875 0.254688 0.828125 0.260937 0.842187 0.260937 0.842187 0.243750 0.837500 0.235937 0.837500 0.226562 0.842187 0.220312 0.842187 0.214062 0.839063 0.210938 0.839063 0.201563 0.834375 0.198437 0.834375 0.184375 0.829688 0.181250 0.829688 0.175000 0.825000 0.171875 0.825000 0.167187 0.817187 0.162500 0.817187 0.156250 0.825000 0.145313 0.825000 0.126562 0.821875 0.121875 0.829688 0.106250 0.839063 0.106250 0.842187 0.101562 0.848437 0.101562 0.854688 0.092188 0.878125 0.092188 0.878125 0.089063 0.885938 0.082812 0.887500 0.062500 0.890625 0.059375 0.890625 0.042188 0.900000 0.031250
