0 0.953125 0.876563 0.950000 0.873437 0.925000 0.876563 0.923438 0.881250 0.918750 0.881250 0.918750 0.887500 0.948438 0.890625 0.953125 0.884375
0 0.546875 0.843750 0.546875 0.851562 0.550000 0.856250 0.564063 0.856250 0.567187 0.851562 0.578125 0.848437 0.595313 0.848437 0.593750 0.840625 0.568750 0.837500 0.564063 0.832812 0.551562 0.832812 0.550000 0.842187
0 0.193750 0.634375 0.193750 0.640625 0.207813 0.645312 0.210938 0.650000 0.220312 0.648438 0.228125 0.640625 0.228125 0.634375 0.221875 0.626563 0.206250 0.625000 0.203125 0.632812
0 0.934375 0.620313 0.934375 0.634375 0.940625 0.635938 0.942187 0.640625 0.951562 0.640625 0.953125 0.635938 0.962500 0.635938 0.965625 0.640625 0.990625 0.639062 0.992188 0.635938 0.996875 0.635938 0.998437 0.612500 0.951562 0.612500 0.950000 0.615625 0.942187 0.615625
0 0.828125 0.603125 0.828125 0.626563 0.834375 0.628125 0.835938 0.631250 0.857812 0.635938 0.859375 0.640625 0.875000 0.640625 0.878125 0.645312 0.884375 0.645312 0.885938 0.648438 0.918750 0.648438 0.921875 0.645312 0.921875 0.639062 0.914062 0.621875 0.879687 0.621875 0.870313 0.617188 0.864062 0.607812 0.853125 0.607812 0.848437 0.603125
0 0.825000 0.570312 0.790625 0.546875 0.735938 0.540625 0.728125 0.542188 0.698438 0.559375 0.678125 0.559375 0.670312 0.568750 0.659375 0.568750 0.654687 0.576562 0.625000 0.581250 0.601562 0.559375 0.556250 0.542188 0.518750 0.550000 0.509375 0.560937 0.456250 0.587500 0.425000 0.576562 0.365625 0.576562 0.359375 0.585938 0.339062 0.585938 0.320312 0.596875 0.317188 0.590625 0.284375 0.585938 0.281250 0.578125 0.234375 0.576562 0.225000 0.568750 0.178125 0.571875 0.167187 0.564063 0.153125 0.568750 0.153125 0.585938 0.160938 0.595313 0.204687 0.587500 0.221875 0.600000 0.246875 0.600000 0.251563 0.609375 0.270313 0.610938 0.278125 0.618750 0.310937 0.621875 0.359375 0.600000 0.401562 0.600000 0.425000 0.603125 0.432812 0.609375 0.457813 0.609375 0.464062 0.601562 0.479687 0.600000 0.495312 0.582812 0.545312 0.565625 0.571875 0.565625 0.590625 0.587500 0.615625 0.600000 0.650000 0.600000 0.676562 0.582812 0.698438 0.582812 0.728125 0.570312 0.731250 0.565625 0.781250 0.570312 0.803125 0.587500 0.825000 0.584375
0 0.000000 0.464062 0.000000 0.485938 0.003125 0.489063 0.018750 0.489063 0.020313 0.493750 0.028125 0.495312 0.034375 0.507812 0.040625 0.512500 0.051562 0.512500 0.057813 0.517188 0.062500 0.528125 0.073438 0.535937 0.078125 0.548438 0.084375 0.551562 0.090625 0.560937 0.095312 0.560937 0.098437 0.565625 0.123438 0.564063 0.123438 0.559375 0.129688 0.554688 0.129688 0.548438 0.120313 0.545312 0.114062 0.537500 0.107813 0.537500 0.101562 0.528125 0.087500 0.518750 0.087500 0.515625 0.076563 0.510938 0.062500 0.492188 0.048438 0.482812 0.048438 0.478125 0.045312 0.478125 0.035937 0.465625
0 0.775000 0.443750 0.775000 0.462500 0.782813 0.462500 0.784375 0.459375 0.789062 0.462500 0.798438 0.462500 0.798438 0.448437 0.793750 0.443750
0 0.315625 0.320312 0.315625 0.331250 0.331250 0.332813 0.337500 0.329688 0.337500 0.320312
0 0.957812 0.165625 0.954688 0.175000 0.956250 0.189062 0.975000 0.190625 0.989062 0.189062 0.992188 0.185938 0.992188 0.165625 0.978125 0.165625 0.971875 0.162500 0.960938 0.162500
