0 0.039062 0.993750 0.039062 0.998437 0.065625 0.998437 0.062500 0.995313 0.053125 0.995313 0.048438 0.990625 0.042188 0.990625
0 0.560937 0.868750 0.560937 0.889062 0.565625 0.900000 0.578125 0.901563 0.578125 0.890625 0.571875 0.881250 0.570312 0.870313
0 0.503125 0.826562 0.487500 0.826562 0.487500 0.842187 0.482812 0.845313 0.482812 0.862500 0.479687 0.867188 0.467187 0.868750 0.467187 0.875000 0.475000 0.876563 0.473438 0.882812 0.468750 0.885938 0.459375 0.884375 0.457813 0.881250 0.448437 0.881250 0.443750 0.892188 0.446875 0.910937 0.445312 0.923438 0.440625 0.929688 0.434375 0.931250 0.431250 0.950000 0.434375 0.970313 0.429688 0.973437 0.429688 0.979688 0.434375 0.990625 0.428125 0.993750 0.426563 0.998437 0.446875 0.998437 0.445312 0.982812 0.450000 0.970313 0.457813 0.965625 0.462500 0.953125 0.462500 0.932813 0.465625 0.929688 0.468750 0.912500 0.479687 0.910937 0.489063 0.895312 0.492188 0.870313 0.498437 0.859375 0.498437 0.846875 0.504687 0.843750
0 0.643750 0.779687 0.642188 0.792188 0.650000 0.793750 0.656250 0.803125 0.662500 0.803125 0.664062 0.779687
0 0.185938 0.684375 0.185938 0.710938 0.200000 0.710938 0.201563 0.706250 0.212500 0.706250 0.209375 0.689063 0.196875 0.687500 0.195312 0.682813
0 0.385937 0.476562 0.385937 0.481250 0.379688 0.487500 0.379688 0.493750 0.398438 0.493750 0.398438 0.478125
0 0.998437 0.287500 0.995313 0.287500 0.990625 0.295312 0.982812 0.295312 0.978125 0.298438 0.978125 0.307812 0.982812 0.312500 0.998437 0.312500
0 0.868750 0.182812 0.867188 0.198437 0.868750 0.203125 0.875000 0.203125 0.875000 0.198437 0.878125 0.196875 0.878125 0.184375
0 0.812500 0.100000 0.782813 0.104688 0.770312 0.132812 0.756250 0.140625 0.731250 0.145313 0.726562 0.181250 0.723437 0.184375 0.712500 0.170313 0.703125 0.170313 0.709375 0.190625 0.704688 0.193750 0.704688 0.217188 0.692187 0.228125 0.689063 0.239063 0.675000 0.240625 0.632812 0.273438 0.632812 0.292187 0.639062 0.300000 0.634375 0.317188 0.648438 0.335938 0.651563 0.351562 0.646875 0.384375 0.634375 0.392188 0.635938 0.414062 0.646875 0.423438 0.625000 0.446875 0.609375 0.492188 0.598437 0.496875 0.593750 0.526563 0.578125 0.532813 0.576562 0.570312 0.564063 0.578125 0.567187 0.625000 0.562500 0.640625 0.578125 0.656250 0.578125 0.679688 0.590625 0.685937 0.593750 0.698438 0.570312 0.745313 0.529687 0.771875 0.528125 0.782813 0.535937 0.787500 0.526563 0.790625 0.528125 0.804688 0.520312 0.810937 0.520312 0.821875 0.531250 0.820312 0.534375 0.806250 0.546875 0.800000 0.556250 0.787500 0.565625 0.767188 0.582812 0.762500 0.582812 0.751563 0.610938 0.706250 0.609375 0.678125 0.596875 0.670312 0.596875 0.660937 0.582812 0.653125 0.578125 0.600000 0.587500 0.593750 0.592187 0.554688 0.609375 0.545312 0.614062 0.512500 0.626563 0.487500 0.640625 0.478125 0.645312 0.456250 0.657813 0.440625 0.657813 0.401562 0.668750 0.364063 0.667188 0.323437 0.653125 0.296875 0.653125 0.278125 0.660937 0.268750 0.690625 0.259375 0.739062 0.192188 0.743750 0.162500 0.781250 0.146875 0.781250 0.139063 0.803125 0.125000
0 0.554688 0.021875 0.554688 0.043750 0.568750 0.042188 0.568750 0.026562 0.562500 0.025000 0.560937 0.021875
0 0.904687 0.000000 0.882812 0.000000 0.884375 0.017188 0.878125 0.026562 0.878125 0.035937 0.865625 0.042188 0.864062 0.048438 0.850000 0.060937 0.848437 0.065625 0.840625 0.065625 0.842187 0.081250 0.837500 0.085938 0.837500 0.093750 0.832812 0.100000 0.832812 0.110937 0.851562 0.114062 0.860938 0.104688 0.859375 0.090625 0.856250 0.089063 0.860938 0.082812 0.860938 0.073438 0.881250 0.048438 0.890625 0.048438 0.896875 0.034375 0.896875 0.014063 0.900000 0.012500
