0 0.923438 0.960938 0.925000 0.989062 0.935937 0.989062 0.935937 0.982812 0.931250 0.976562 0.931250 0.962500
0 0.448437 0.700000 0.448437 0.720313 0.457813 0.721875 0.457813 0.700000
0 0.153125 0.703125 0.153125 0.720313 0.159375 0.725000 0.167187 0.725000 0.175000 0.720313 0.175000 0.709375 0.168750 0.709375 0.165625 0.700000 0.157812 0.700000
0 0.607812 0.696875 0.607812 0.720313 0.612500 0.723437 0.625000 0.750000 0.631250 0.750000 0.634375 0.754687 0.640625 0.754687 0.646875 0.762500 0.664062 0.768750 0.673438 0.781250 0.693750 0.785937 0.696875 0.798438 0.707812 0.803125 0.721875 0.815625 0.723437 0.820312 0.754687 0.825000 0.757812 0.829688 0.768750 0.829688 0.775000 0.837500 0.787500 0.839063 0.801562 0.856250 0.809375 0.856250 0.823438 0.887500 0.828125 0.889062 0.837500 0.901563 0.848437 0.907813 0.865625 0.929688 0.876563 0.975000 0.890625 0.975000 0.895312 0.962500 0.895312 0.946875 0.882812 0.931250 0.882812 0.906250 0.876563 0.898438 0.864062 0.896875 0.860938 0.884375 0.856250 0.881250 0.856250 0.873437 0.864062 0.870313 0.865625 0.862500 0.857812 0.862500 0.854688 0.867188 0.851562 0.854688 0.846875 0.850000 0.840625 0.850000 0.832812 0.842187 0.820312 0.837500 0.817187 0.832812 0.810937 0.832812 0.803125 0.823438 0.795312 0.823438 0.787500 0.815625 0.768750 0.814063 0.759375 0.806250 0.753125 0.806250 0.735938 0.787500 0.729688 0.787500 0.721875 0.779687 0.720313 0.771875 0.704688 0.771875 0.696875 0.757812 0.685937 0.757812 0.679688 0.750000 0.659375 0.743750 0.642188 0.723437 0.625000 0.709375 0.623437 0.700000
0 0.593750 0.660937 0.592187 0.676562 0.595313 0.684375 0.601562 0.684375 0.601562 0.660937
0 0.293750 0.570312 0.295312 0.587500 0.300000 0.587500 0.304688 0.592187 0.325000 0.590625 0.325000 0.576562 0.309375 0.571875 0.307812 0.568750
0 0.456250 0.528125 0.456250 0.548438 0.460938 0.551562 0.460938 0.564063 0.465625 0.567187 0.460938 0.582812 0.464062 0.582812 0.473438 0.595313 0.501563 0.596875 0.509375 0.600000 0.510938 0.604688 0.515625 0.606250 0.515625 0.614062 0.518750 0.614062 0.523438 0.620313 0.525000 0.628125 0.528125 0.629687 0.528125 0.637500 0.532813 0.640625 0.532813 0.646875 0.542188 0.654687 0.545312 0.662500 0.553125 0.662500 0.556250 0.659375 0.553125 0.639062 0.560937 0.629687 0.565625 0.629687 0.565625 0.620313 0.553125 0.610938 0.548438 0.601562 0.539062 0.595313 0.539062 0.590625 0.529687 0.584375 0.521875 0.571875 0.514062 0.568750 0.512500 0.564063 0.504687 0.564063 0.498437 0.554688 0.487500 0.553125 0.471875 0.534375 0.470313 0.528125
0 0.246875 0.373437 0.246875 0.379688 0.256250 0.387500 0.264062 0.387500 0.267188 0.392188 0.271875 0.392188 0.275000 0.396875 0.285938 0.401562 0.293750 0.414062 0.301563 0.420312 0.307812 0.434375 0.346875 0.456250 0.354687 0.467187 0.362500 0.470313 0.368750 0.479687 0.381250 0.489063 0.381250 0.493750 0.385937 0.496875 0.385937 0.504687 0.400000 0.520312 0.407813 0.523438 0.418750 0.521875 0.423438 0.509375 0.423438 0.492188 0.414062 0.489063 0.404687 0.478125 0.401562 0.478125 0.387500 0.462500 0.382812 0.451562 0.367188 0.446875 0.353125 0.434375 0.345313 0.434375 0.343750 0.431250 0.332813 0.429688 0.329688 0.425000 0.317188 0.423438 0.309375 0.409375 0.307812 0.395313 0.300000 0.385937 0.293750 0.385937 0.281250 0.373437
0 0.073438 0.267188 0.070312 0.278125 0.065625 0.282813 0.065625 0.295312 0.098437 0.310937 0.101562 0.329688 0.104688 0.334375 0.112500 0.335938 0.114062 0.351562 0.123438 0.365625 0.150000 0.365625 0.153125 0.360938 0.164062 0.360938 0.167187 0.365625 0.184375 0.371875 0.196875 0.382812 0.228125 0.382812 0.228125 0.373437 0.206250 0.359375 0.196875 0.359375 0.190625 0.351562 0.176563 0.346875 0.175000 0.343750 0.159375 0.346875 0.156250 0.342187 0.151562 0.342187 0.150000 0.332813 0.146875 0.332813 0.132812 0.318750 0.118750 0.298438 0.109375 0.293750 0.096875 0.281250 0.096875 0.275000 0.087500 0.267188
0 0.000000 0.240625 0.000000 0.260937 0.004687 0.260937 0.006250 0.264062 0.012500 0.264062 0.014063 0.260937 0.023438 0.262500 0.025000 0.273438 0.028125 0.273438 0.037500 0.284375 0.037500 0.290625 0.054688 0.290625 0.056250 0.279687 0.053125 0.278125 0.053125 0.270313 0.057813 0.268750 0.057813 0.257812 0.054688 0.257812 0.053125 0.253125 0.035937 0.248438 0.034375 0.245312 0.015625 0.246875 0.012500 0.240625
0 0.000000 0.167187 0.000000 0.193750 0.006250 0.193750 0.004687 0.168750
