0 0.745313 0.728125 0.734375 0.735938 0.732812 0.746875 0.743750 0.756250 0.754687 0.756250 0.759375 0.751563 0.759375 0.735938 0.753125 0.728125
0 0.854688 0.714063 0.850000 0.718750 0.850000 0.739062 0.845313 0.740625 0.845313 0.770312 0.850000 0.778125 0.868750 0.776563 0.876563 0.785937 0.885938 0.785937 0.887500 0.771875 0.879687 0.768750 0.870313 0.756250 0.873437 0.725000 0.864062 0.714063
0 0.240625 0.639062 0.240625 0.648438 0.251563 0.653125 0.264062 0.651563 0.264062 0.640625
0 0.010937 0.631250 0.000000 0.632812 0.000000 0.681250 0.003125 0.681250 0.006250 0.671875 0.004687 0.648438 0.009375 0.642188
0 0.504687 0.620313 0.506250 0.635938 0.509375 0.635938 0.510938 0.640625 0.535937 0.640625 0.537500 0.645312 0.562500 0.645312 0.565625 0.650000 0.598437 0.650000 0.600000 0.653125 0.609375 0.653125 0.610938 0.650000 0.626563 0.648438 0.635938 0.635938 0.635938 0.628125 0.621875 0.629687 0.617188 0.625000 0.556250 0.625000 0.535937 0.612500 0.528125 0.612500 0.525000 0.607812 0.515625 0.607812 0.510938 0.612500 0.506250 0.612500
0 0.403125 0.570312 0.401562 0.582812 0.406250 0.592187 0.421875 0.592187 0.423438 0.595313 0.435937 0.596875 0.440625 0.604688 0.454688 0.609375 0.464062 0.621875 0.475000 0.621875 0.475000 0.609375 0.479687 0.604688 0.479687 0.593750 0.475000 0.590625 0.465625 0.590625 0.462500 0.585938 0.453125 0.585938 0.445312 0.579688 0.445312 0.576562 0.439063 0.576562 0.432812 0.571875 0.431250 0.564063 0.409375 0.564063
0 0.387500 0.568750 0.379688 0.567187 0.376563 0.559375 0.368750 0.559375 0.367188 0.554688 0.359375 0.554688 0.357812 0.550000 0.351562 0.550000 0.345313 0.559375 0.320312 0.559375 0.320312 0.562500 0.315625 0.564063 0.314063 0.571875 0.298438 0.571875 0.295312 0.576562 0.290625 0.576562 0.290625 0.585938 0.317188 0.587500 0.318750 0.584375 0.331250 0.587500 0.332813 0.592187 0.342187 0.592187 0.345313 0.587500 0.360938 0.587500 0.364063 0.582812 0.387500 0.582812
0 0.140625 0.559375 0.137500 0.559375 0.135937 0.554688 0.128125 0.554688 0.126562 0.551562 0.079687 0.550000 0.071875 0.551562 0.070312 0.554688 0.037500 0.556250 0.032813 0.551562 0.000000 0.553125 0.000000 0.578125 0.031250 0.578125 0.037500 0.587500 0.051562 0.587500 0.062500 0.578125 0.139063 0.575000
0 0.157812 0.554688 0.157812 0.560937 0.165625 0.560937 0.167187 0.564063 0.175000 0.564063 0.175000 0.560937 0.179688 0.559375 0.181250 0.565625 0.206250 0.565625 0.209375 0.570312 0.217188 0.570312 0.218750 0.573438 0.225000 0.573438 0.231250 0.565625 0.245312 0.575000 0.257812 0.575000 0.260937 0.570312 0.257812 0.554688 0.220312 0.550000 0.218750 0.546875 0.212500 0.545312 0.198437 0.546875 0.196875 0.551562 0.192188 0.553125 0.187500 0.550000 0.187500 0.545312 0.176563 0.543750 0.173437 0.546875 0.165625 0.546875
0 0.928125 0.514062 0.898438 0.515625 0.868750 0.532813 0.856250 0.532813 0.846875 0.540625 0.837500 0.540625 0.826562 0.546875 0.810937 0.564063 0.784375 0.564063 0.778125 0.568750 0.757812 0.565625 0.748437 0.576562 0.737500 0.576562 0.732812 0.581250 0.715625 0.581250 0.710938 0.585938 0.703125 0.585938 0.703125 0.589063 0.689063 0.601562 0.685937 0.607812 0.650000 0.621875 0.643750 0.628125 0.643750 0.635938 0.648438 0.640625 0.671875 0.640625 0.675000 0.635938 0.684375 0.635938 0.690625 0.626563 0.706250 0.621875 0.707812 0.615625 0.714063 0.609375 0.720313 0.609375 0.725000 0.604688 0.732812 0.604688 0.734375 0.601562 0.750000 0.601562 0.760938 0.595313 0.778125 0.596875 0.789062 0.587500 0.807813 0.587500 0.815625 0.578125 0.834375 0.578125 0.840625 0.565625 0.851562 0.565625 0.854688 0.560937 0.870313 0.560937 0.871875 0.557813 0.882812 0.556250 0.890625 0.550000 0.904687 0.550000 0.917188 0.535937 0.917188 0.531250 0.926562 0.525000
0 0.996875 0.462500 0.964063 0.460938 0.950000 0.475000 0.946875 0.475000 0.946875 0.481250 0.942187 0.482812 0.942187 0.487500 0.937500 0.492188 0.937500 0.503125 0.946875 0.503125 0.946875 0.500000 0.957812 0.492188 0.959375 0.485938 0.976562 0.484375 0.982812 0.492188 0.995313 0.489063 0.998437 0.493750
0 0.156250 0.429688 0.156250 0.442188 0.160938 0.445312 0.160938 0.450000 0.171875 0.453125 0.176563 0.457813 0.182812 0.457813 0.192188 0.465625 0.203125 0.464062 0.203125 0.454688 0.198437 0.448437 0.187500 0.440625 0.179688 0.440625 0.175000 0.434375 0.165625 0.434375 0.164062 0.429688
0 0.407813 0.254688 0.409375 0.268750 0.417187 0.271875 0.418750 0.279687 0.423438 0.282813 0.431250 0.282813 0.431250 0.268750 0.426563 0.268750 0.425000 0.264062 0.418750 0.262500 0.414062 0.254688
0 0.351562 0.203125 0.351562 0.220312 0.356250 0.220312 0.359375 0.225000 0.375000 0.225000 0.379688 0.232813 0.390625 0.237500 0.392188 0.245312 0.398438 0.250000 0.406250 0.250000 0.414062 0.234375 0.420312 0.231250 0.420312 0.223438 0.415625 0.223438 0.414062 0.217188 0.407813 0.212500 0.400000 0.212500 0.392188 0.207813 0.375000 0.210938 0.368750 0.200000 0.357812 0.200000
