0 0.903125 0.764062 0.906250 0.789062 0.912500 0.793750 0.918750 0.793750 0.915625 0.771875 0.910937 0.770312 0.909375 0.764062
0 0.470313 0.706250 0.460938 0.706250 0.459375 0.710938 0.453125 0.710938 0.446875 0.718750 0.426563 0.718750 0.426563 0.728125 0.439063 0.734375 0.450000 0.732812 0.451562 0.728125 0.465625 0.728125 0.471875 0.723437
0 0.982812 0.679688 0.984375 0.696875 0.987500 0.701562 0.998437 0.701562 0.998437 0.678125
0 0.000000 0.678125 0.000000 0.709375 0.003125 0.709375 0.012500 0.696875 0.012500 0.679688
0 0.060937 0.670312 0.060937 0.684375 0.064062 0.685937 0.064062 0.710938 0.193750 0.710938 0.196875 0.715625 0.206250 0.715625 0.209375 0.710938 0.220312 0.710938 0.223438 0.715625 0.250000 0.715625 0.254688 0.710938 0.267188 0.720313 0.290625 0.718750 0.298438 0.723437 0.307812 0.723437 0.310937 0.728125 0.328125 0.728125 0.331250 0.732812 0.357812 0.732812 0.360938 0.740625 0.379688 0.742188 0.379688 0.734375 0.371875 0.731250 0.367188 0.723437 0.379688 0.718750 0.381250 0.709375 0.362500 0.709375 0.356250 0.700000 0.335938 0.700000 0.326562 0.692187 0.310937 0.690625 0.309375 0.687500 0.243750 0.687500 0.235937 0.685937 0.234375 0.682813 0.214062 0.682813 0.209375 0.678125 0.192188 0.678125 0.189062 0.682813 0.182812 0.682813 0.179688 0.678125 0.092188 0.678125 0.085938 0.673438
0 0.929688 0.642188 0.929688 0.657813 0.934375 0.660937 0.934375 0.679688 0.939063 0.679688 0.943750 0.689063 0.973437 0.689063 0.973437 0.682813 0.979688 0.679688 0.979688 0.667188 0.967187 0.660937 0.965625 0.656250 0.954688 0.653125 0.953125 0.648438 0.945312 0.645312 0.943750 0.639062 0.934375 0.639062
0 0.515625 0.671875 0.528125 0.670312 0.532813 0.662500 0.539062 0.662500 0.539062 0.659375 0.545312 0.657813 0.546875 0.654687 0.559375 0.657813 0.564063 0.662500 0.570312 0.662500 0.573438 0.667188 0.587500 0.667188 0.589063 0.662500 0.596875 0.660937 0.596875 0.653125 0.589063 0.651563 0.579688 0.643750 0.567187 0.642188 0.560937 0.635938 0.560937 0.617188 0.557813 0.617188 0.556250 0.612500 0.542188 0.612500 0.540625 0.623437 0.532813 0.625000 0.529687 0.629687 0.528125 0.645312 0.520312 0.648438 0.518750 0.654687 0.515625 0.656250
0 0.698438 0.612500 0.693750 0.612500 0.689063 0.607812 0.673438 0.607812 0.670312 0.612500 0.665625 0.612500 0.646875 0.625000 0.645312 0.629687 0.628125 0.629687 0.625000 0.634375 0.620313 0.634375 0.618750 0.639062 0.620313 0.657813 0.626563 0.657813 0.626563 0.651563 0.635938 0.648438 0.637500 0.642188 0.651563 0.640625 0.653125 0.632812 0.656250 0.632812 0.657813 0.637500 0.676562 0.635938 0.678125 0.631250 0.696875 0.631250
0 0.731250 0.609375 0.731250 0.632812 0.734375 0.635938 0.753125 0.635938 0.756250 0.631250 0.764062 0.631250 0.767188 0.635938 0.782813 0.635938 0.785937 0.640625 0.793750 0.643750 0.814063 0.640625 0.832812 0.648438 0.839063 0.648438 0.840625 0.645312 0.846875 0.643750 0.850000 0.648438 0.856250 0.648438 0.859375 0.653125 0.864062 0.653125 0.871875 0.662500 0.887500 0.662500 0.890625 0.667188 0.901563 0.667188 0.914062 0.662500 0.918750 0.657813 0.920312 0.646875 0.926562 0.642188 0.926562 0.634375 0.917188 0.634375 0.914062 0.629687 0.895312 0.629687 0.882812 0.617188 0.876563 0.617188 0.871875 0.612500 0.862500 0.612500 0.850000 0.603125 0.840625 0.603125 0.839063 0.600000 0.832812 0.598437 0.820312 0.600000 0.820312 0.606250 0.829688 0.607812 0.821875 0.615625 0.817187 0.612500 0.803125 0.612500 0.800000 0.607812 0.753125 0.607812 0.746875 0.603125 0.739062 0.603125
0 0.651563 0.550000 0.651563 0.565625 0.704688 0.565625 0.706250 0.568750 0.725000 0.568750 0.740625 0.581250 0.753125 0.582812 0.756250 0.578125 0.767188 0.578125 0.767188 0.570312 0.760938 0.568750 0.759375 0.564063 0.750000 0.564063 0.723437 0.550000 0.703125 0.550000 0.701562 0.546875 0.685937 0.546875 0.681250 0.550000 0.679688 0.546875 0.673438 0.546875 0.670312 0.542188 0.662500 0.542188
0 0.581250 0.542188 0.579688 0.554688 0.582812 0.567187 0.620313 0.565625 0.621875 0.550000 0.614062 0.542188 0.606250 0.542188 0.601562 0.537500
0 0.912500 0.046875 0.912500 0.062500 0.925000 0.064062 0.928125 0.068750 0.935937 0.068750 0.937500 0.056250 0.934375 0.051562 0.925000 0.050000 0.923438 0.046875
