0 0.067187 0.970313 0.060937 0.970313 0.057813 0.975000 0.056250 0.989062 0.050000 0.993750 0.050000 0.998437 0.070312 0.998437
0 0.139063 0.842187 0.112500 0.842187 0.107813 0.853125 0.100000 0.854688 0.096875 0.859375 0.095312 0.870313 0.090625 0.871875 0.090625 0.895312 0.095312 0.896875 0.095312 0.904687 0.100000 0.907813 0.103125 0.915625 0.103125 0.932813 0.114062 0.932813 0.115625 0.926562 0.114062 0.907813 0.109375 0.901563 0.106250 0.879687 0.117188 0.875000 0.117188 0.868750 0.114062 0.867188 0.117188 0.860938 0.137500 0.860938 0.140625 0.857812
0 0.129688 0.821875 0.131250 0.834375 0.137500 0.834375 0.142187 0.839063 0.153125 0.839063 0.154688 0.828125 0.150000 0.820312 0.132812 0.818750
0 0.167187 0.793750 0.167187 0.803125 0.173437 0.806250 0.175000 0.812500 0.189062 0.812500 0.190625 0.809375 0.198437 0.807813 0.200000 0.796875 0.193750 0.792188
0 0.257812 0.725000 0.240625 0.723437 0.242188 0.737500 0.235937 0.745313 0.235937 0.759375 0.231250 0.764062 0.231250 0.787500 0.242188 0.785937 0.242188 0.782813 0.246875 0.781250 0.246875 0.765625 0.251563 0.760938 0.251563 0.743750 0.260937 0.740625 0.260937 0.729688
0 0.392188 0.595313 0.384375 0.595313 0.379688 0.598437 0.371875 0.612500 0.360938 0.612500 0.360938 0.621875 0.357812 0.625000 0.350000 0.625000 0.342187 0.632812 0.337500 0.643750 0.331250 0.646875 0.328125 0.659375 0.320312 0.671875 0.306250 0.679688 0.301563 0.687500 0.295312 0.687500 0.293750 0.692187 0.281250 0.692187 0.276562 0.700000 0.267188 0.704688 0.267188 0.723437 0.276562 0.723437 0.290625 0.715625 0.290625 0.712500 0.295312 0.710938 0.295312 0.701562 0.300000 0.693750 0.317188 0.692187 0.343750 0.675000 0.348438 0.656250 0.364063 0.645312 0.365625 0.634375 0.368750 0.631250 0.382812 0.629687 0.387500 0.626563 0.387500 0.620313 0.392188 0.617188
0 0.420312 0.576562 0.420312 0.587500 0.440625 0.585938 0.440625 0.576562 0.434375 0.576562 0.432812 0.573438 0.425000 0.573438
0 0.493750 0.514062 0.490625 0.514062 0.485938 0.507812 0.465625 0.510938 0.457813 0.529687 0.448437 0.532813 0.439063 0.545312 0.439063 0.557813 0.442188 0.560937 0.453125 0.562500 0.454688 0.554688 0.462500 0.551562 0.465625 0.546875 0.468750 0.532813 0.492188 0.521875
0 0.014063 0.275000 0.007812 0.275000 0.000000 0.281250 0.000000 0.353125 0.004687 0.353125 0.004687 0.328125 0.007812 0.325000 0.009375 0.301563 0.018750 0.293750 0.018750 0.284375
0 0.045312 0.190625 0.029687 0.192188 0.029687 0.198437 0.032813 0.200000 0.032813 0.212500 0.020313 0.214062 0.017188 0.217188 0.015625 0.237500 0.018750 0.242188 0.026562 0.242188 0.031250 0.237500 0.031250 0.215625 0.046875 0.209375 0.048438 0.198437
0 0.082812 0.156250 0.065625 0.156250 0.065625 0.162500 0.060937 0.168750 0.051562 0.171875 0.050000 0.175000 0.051562 0.185938 0.057813 0.185938 0.064062 0.192188 0.070312 0.192188 0.075000 0.185938 0.075000 0.178125 0.078125 0.176563 0.079687 0.168750 0.084375 0.165625
0 0.771875 0.112500 0.757812 0.112500 0.754687 0.129688 0.745313 0.135937 0.743750 0.150000 0.740625 0.151562 0.740625 0.192188 0.737500 0.201563 0.731250 0.206250 0.734375 0.217188 0.720313 0.223438 0.720313 0.229687 0.709375 0.246875 0.698438 0.251563 0.685937 0.271875 0.656250 0.275000 0.626563 0.295312 0.625000 0.312500 0.620313 0.321875 0.612500 0.328125 0.612500 0.354687 0.603125 0.364063 0.603125 0.375000 0.607812 0.382812 0.606250 0.393750 0.598437 0.400000 0.585938 0.400000 0.585938 0.415625 0.568750 0.429688 0.564063 0.456250 0.556250 0.460938 0.546875 0.460938 0.545312 0.476562 0.537500 0.485938 0.537500 0.503125 0.546875 0.503125 0.565625 0.479687 0.575000 0.482812 0.579688 0.443750 0.590625 0.439063 0.593750 0.423438 0.604688 0.417187 0.618750 0.403125 0.621875 0.396875 0.618750 0.367188 0.631250 0.359375 0.628125 0.335938 0.635938 0.331250 0.640625 0.321875 0.645312 0.320312 0.645312 0.310937 0.653125 0.303125 0.653125 0.298438 0.660937 0.295312 0.664062 0.290625 0.676562 0.290625 0.687500 0.281250 0.701562 0.281250 0.703125 0.275000 0.714063 0.267188 0.723437 0.251563 0.737500 0.242188 0.737500 0.223438 0.748437 0.218750 0.750000 0.204687 0.754687 0.198437 0.754687 0.168750 0.759375 0.162500 0.759375 0.153125 0.764062 0.150000 0.767188 0.139063 0.773438 0.132812 0.784375 0.131250 0.782813 0.121875
0 0.153125 0.032813 0.145313 0.032813 0.143750 0.045312 0.128125 0.053125 0.125000 0.062500 0.125000 0.082812 0.118750 0.078125 0.118750 0.068750 0.109375 0.068750 0.109375 0.095312 0.117188 0.098437 0.121875 0.104688 0.132812 0.104688 0.132812 0.095312 0.142187 0.093750 0.140625 0.079687 0.143750 0.073438 0.154688 0.070312 0.159375 0.064062 0.159375 0.056250 0.156250 0.053125 0.157812 0.037500
0 0.807813 0.000000 0.784375 0.000000 0.784375 0.007812 0.779687 0.009375 0.779687 0.021875 0.770312 0.035937 0.765625 0.037500 0.767188 0.053125 0.762500 0.057813 0.765625 0.101562 0.768750 0.106250 0.779687 0.110937 0.785937 0.110937 0.785937 0.100000 0.781250 0.093750 0.781250 0.068750 0.785937 0.065625 0.785937 0.054688 0.796875 0.048438 0.798438 0.020313 0.807813 0.007812
0 0.148438 0.000000 0.150000 0.007812 0.162500 0.009375 0.175000 0.003125 0.175000 0.000000
