0 0.031250 0.978125 0.032813 0.998437 0.039062 0.998437 0.039062 0.978125
0 0.487500 0.881250 0.479687 0.881250 0.478125 0.884375 0.478125 0.903125 0.473438 0.904687 0.473438 0.914062 0.468750 0.920312 0.470313 0.953125 0.465625 0.970313 0.457813 0.975000 0.456250 0.990625 0.451562 0.998437 0.464062 0.998437 0.475000 0.992188 0.489063 0.973437 0.489063 0.954688 0.484375 0.943750 0.484375 0.928125 0.493750 0.926562 0.495312 0.912500
0 0.678125 0.864062 0.678125 0.868750 0.675000 0.870313 0.678125 0.893750 0.684375 0.893750 0.684375 0.864062
0 0.451562 0.806250 0.451562 0.843750 0.448437 0.845313 0.448437 0.867188 0.457813 0.878125 0.471875 0.881250 0.471875 0.871875 0.467187 0.865625 0.467187 0.850000 0.471875 0.846875 0.467187 0.812500 0.459375 0.810937 0.457813 0.806250
0 0.643750 0.775000 0.643750 0.785937 0.648438 0.795312 0.657813 0.796875 0.657813 0.779687 0.654687 0.779687 0.653125 0.775000
0 0.465625 0.740625 0.464062 0.754687 0.465625 0.768750 0.470313 0.771875 0.470313 0.785937 0.460938 0.792188 0.460938 0.800000 0.478125 0.800000 0.481250 0.795312 0.492188 0.796875 0.492188 0.784375 0.489063 0.782813 0.489063 0.775000 0.484375 0.773438 0.484375 0.750000 0.476562 0.740625
0 0.407813 0.731250 0.407813 0.751563 0.412500 0.753125 0.407813 0.760938 0.407813 0.767188 0.428125 0.767188 0.428125 0.757812 0.418750 0.740625 0.418750 0.731250
0 0.303125 0.731250 0.303125 0.756250 0.312500 0.757812 0.320312 0.748437 0.321875 0.734375 0.320312 0.731250
0 0.448437 0.623437 0.448437 0.653125 0.451562 0.653125 0.456250 0.660937 0.462500 0.660937 0.462500 0.632812 0.457813 0.625000
0 0.521875 0.609375 0.510938 0.612500 0.510938 0.635938 0.515625 0.639062 0.515625 0.654687 0.510938 0.656250 0.510938 0.670312 0.500000 0.681250 0.489063 0.681250 0.489063 0.695312 0.495312 0.707812 0.493750 0.723437 0.512500 0.723437 0.512500 0.715625 0.507812 0.712500 0.507812 0.698438 0.517188 0.689063 0.517188 0.682813 0.521875 0.678125 0.521875 0.665625 0.526563 0.657813 0.526563 0.612500
0 0.854688 0.587500 0.854688 0.604688 0.860938 0.604688 0.862500 0.601562 0.873437 0.603125 0.871875 0.593750 0.864062 0.593750 0.860938 0.587500
0 0.175000 0.585938 0.175000 0.609375 0.198437 0.610938 0.198437 0.600000 0.193750 0.596875 0.193750 0.585938
0 0.537500 0.565625 0.535937 0.568750 0.529687 0.570312 0.529687 0.576562 0.537500 0.581250 0.534375 0.604688 0.542188 0.604688 0.542188 0.600000 0.551562 0.585938 0.551562 0.567187
0 0.567187 0.539062 0.568750 0.554688 0.596875 0.551562 0.598437 0.557813 0.604688 0.557813 0.604688 0.543750 0.600000 0.537500
0 0.635938 0.337500 0.629687 0.337500 0.629687 0.353125 0.626563 0.354687 0.631250 0.389062 0.629687 0.395313 0.625000 0.398438 0.625000 0.407813 0.629687 0.410938 0.629687 0.446875 0.621875 0.462500 0.612500 0.468750 0.612500 0.484375 0.609375 0.485938 0.606250 0.500000 0.607812 0.517188 0.615625 0.521875 0.620313 0.535937 0.626563 0.535937 0.626563 0.517188 0.623437 0.514062 0.626563 0.479687 0.635938 0.476562 0.635938 0.464062 0.643750 0.457813 0.645312 0.417187 0.657813 0.417187 0.657813 0.400000 0.653125 0.396875 0.646875 0.367188 0.651563 0.364063 0.651563 0.357812 0.646875 0.348438 0.642188 0.346875
0 0.246875 0.289062 0.246875 0.295312 0.267188 0.295312 0.267188 0.289062 0.262500 0.285938
0 0.720313 0.196875 0.704688 0.196875 0.704688 0.203125 0.695312 0.206250 0.695312 0.221875 0.692187 0.228125 0.681250 0.235937 0.671875 0.250000 0.665625 0.250000 0.660937 0.254688 0.653125 0.254688 0.651563 0.260937 0.646875 0.262500 0.637500 0.275000 0.634375 0.275000 0.634375 0.290625 0.629687 0.292187 0.629687 0.301563 0.626563 0.304688 0.607812 0.303125 0.607812 0.312500 0.620313 0.314063 0.621875 0.334375 0.631250 0.334375 0.635938 0.331250 0.635938 0.314063 0.643750 0.312500 0.648438 0.307812 0.653125 0.287500 0.662500 0.275000 0.662500 0.262500 0.670312 0.260937 0.673438 0.256250 0.681250 0.256250 0.698438 0.237500 0.706250 0.237500 0.706250 0.231250 0.710938 0.229687 0.715625 0.218750 0.715625 0.209375 0.720313 0.204687
0 0.025000 0.192188 0.025000 0.203125 0.029687 0.207813 0.037500 0.207813 0.042188 0.210938 0.051562 0.209375 0.053125 0.196875 0.048438 0.192188 0.043750 0.192188 0.042188 0.187500 0.029687 0.187500 0.029687 0.190625
0 0.723437 0.170313 0.721875 0.193750 0.732812 0.196875 0.735938 0.193750 0.737500 0.173437 0.735938 0.168750
0 0.735938 0.035937 0.735938 0.039062 0.731250 0.040625 0.731250 0.045312 0.726562 0.046875 0.726562 0.059375 0.731250 0.060937 0.735938 0.076563 0.743750 0.082812 0.745313 0.106250 0.748437 0.107813 0.750000 0.118750 0.753125 0.120313 0.753125 0.134375 0.746875 0.135937 0.743750 0.156250 0.746875 0.162500 0.756250 0.162500 0.764062 0.150000 0.764062 0.142187 0.767188 0.140625 0.767188 0.125000 0.764062 0.123438 0.762500 0.107813 0.764062 0.087500 0.759375 0.084375 0.759375 0.078125 0.750000 0.067187 0.745313 0.048438 0.742188 0.046875 0.742188 0.035937
