0 0.775000 0.951562 0.775000 0.957812 0.768750 0.960938 0.768750 0.978125 0.775000 0.982812 0.790625 0.982812 0.789062 0.960938 0.784375 0.959375 0.782813 0.951562
0 0.931250 0.929688 0.925000 0.929688 0.923438 0.937500 0.912500 0.937500 0.909375 0.951562 0.915625 0.957812 0.923438 0.957812 0.925000 0.954688 0.934375 0.953125
0 0.698438 0.776563 0.687500 0.775000 0.681250 0.782813 0.671875 0.784375 0.671875 0.795312 0.675000 0.798438 0.698438 0.798438 0.701562 0.795312 0.701562 0.782813 0.698438 0.781250
0 0.498437 0.585938 0.487500 0.585938 0.464062 0.604688 0.464062 0.615625 0.453125 0.623437 0.431250 0.626563 0.426563 0.634375 0.421875 0.634375 0.417187 0.643750 0.414062 0.670312 0.400000 0.656250 0.385937 0.657813 0.385937 0.667188 0.398438 0.670312 0.396875 0.692187 0.392188 0.707812 0.384375 0.712500 0.376563 0.726562 0.359375 0.731250 0.321875 0.759375 0.323437 0.781250 0.329688 0.784375 0.328125 0.803125 0.334375 0.806250 0.334375 0.820312 0.342187 0.825000 0.340625 0.860938 0.332813 0.876563 0.326562 0.881250 0.326562 0.889062 0.337500 0.906250 0.337500 0.912500 0.323437 0.929688 0.315625 0.929688 0.318750 0.943750 0.303125 0.960938 0.298438 0.978125 0.289062 0.982812 0.284375 0.998437 0.307812 0.998437 0.307812 0.990625 0.312500 0.987500 0.315625 0.975000 0.329688 0.965625 0.334375 0.943750 0.348438 0.926562 0.346875 0.896875 0.351562 0.875000 0.356250 0.868750 0.357812 0.818750 0.351562 0.795312 0.343750 0.782813 0.342187 0.764062 0.345313 0.757812 0.375000 0.750000 0.385937 0.732812 0.396875 0.726562 0.414062 0.701562 0.414062 0.690625 0.426563 0.681250 0.434375 0.646875 0.442188 0.642188 0.457813 0.640625 0.470313 0.632812 0.471875 0.621875 0.484375 0.618750 0.503125 0.598437
0 0.998437 0.581250 0.993750 0.585938 0.993750 0.593750 0.987500 0.595313 0.987500 0.601562 0.995313 0.601562 0.998437 0.598437
0 0.412500 0.326562 0.409375 0.329688 0.409375 0.340625 0.412500 0.342187 0.409375 0.357812 0.412500 0.359375 0.412500 0.364063 0.421875 0.362500 0.425000 0.345313 0.421875 0.340625 0.420312 0.326562
0 0.770312 0.323437 0.770312 0.331250 0.779687 0.334375 0.781250 0.342187 0.790625 0.342187 0.790625 0.335938 0.784375 0.332813 0.784375 0.325000
0 0.631250 0.323437 0.617188 0.325000 0.607812 0.337500 0.607812 0.360938 0.603125 0.365625 0.603125 0.406250 0.596875 0.414062 0.593750 0.432812 0.585938 0.439063 0.585938 0.471875 0.576562 0.479687 0.573438 0.517188 0.565625 0.526563 0.559375 0.528125 0.559375 0.532813 0.550000 0.539062 0.543750 0.550000 0.537500 0.553125 0.535937 0.567187 0.529687 0.570312 0.529687 0.581250 0.525000 0.585938 0.525000 0.596875 0.534375 0.600000 0.545312 0.600000 0.551562 0.592187 0.551562 0.581250 0.548438 0.576562 0.551562 0.560937 0.568750 0.535937 0.578125 0.535937 0.587500 0.526563 0.589063 0.496875 0.596875 0.484375 0.600000 0.456250 0.606250 0.448437 0.609375 0.448437 0.609375 0.440625 0.614062 0.432812 0.614062 0.417187 0.618750 0.410938 0.617188 0.390625 0.623437 0.373437 0.626563 0.343750 0.631250 0.337500
0 0.956250 0.231250 0.956250 0.256250 0.960938 0.260937 0.960938 0.281250 0.970313 0.281250 0.973437 0.264062 0.967187 0.256250 0.965625 0.239063 0.962500 0.237500 0.962500 0.231250
0 0.859375 0.223438 0.862500 0.243750 0.871875 0.245312 0.871875 0.235937 0.867188 0.223438
0 0.815625 0.189062 0.820312 0.221875 0.809375 0.242188 0.806250 0.281250 0.809375 0.284375 0.810937 0.295312 0.814063 0.296875 0.814063 0.317188 0.818750 0.320312 0.818750 0.328125 0.814063 0.334375 0.812500 0.356250 0.818750 0.362500 0.821875 0.387500 0.829688 0.387500 0.828125 0.373437 0.825000 0.370312 0.825000 0.326562 0.829688 0.323437 0.829688 0.314063 0.825000 0.310937 0.825000 0.267188 0.820312 0.260937 0.820312 0.250000 0.829688 0.232813 0.829688 0.207813 0.825000 0.203125 0.825000 0.187500
0 0.125000 0.046875 0.125000 0.062500 0.129688 0.068750 0.145313 0.071875 0.145313 0.065625 0.140625 0.064062 0.140625 0.053125 0.134375 0.046875
0 0.657813 0.000000 0.637500 0.000000 0.629687 0.012500 0.629687 0.021875 0.626563 0.023438 0.626563 0.031250 0.623437 0.032813 0.625000 0.046875 0.634375 0.051562 0.634375 0.100000 0.629687 0.103125 0.629687 0.154688 0.617188 0.165625 0.612500 0.165625 0.603125 0.179688 0.596875 0.179688 0.595313 0.182812 0.595313 0.226562 0.600000 0.234375 0.600000 0.250000 0.603125 0.251563 0.603125 0.259375 0.607812 0.264062 0.607812 0.268750 0.612500 0.271875 0.612500 0.276562 0.618750 0.284375 0.620313 0.295312 0.625000 0.300000 0.629687 0.300000 0.634375 0.309375 0.640625 0.309375 0.640625 0.301563 0.635938 0.296875 0.635938 0.281250 0.626563 0.271875 0.621875 0.260937 0.618750 0.245312 0.614062 0.237500 0.614062 0.226562 0.609375 0.221875 0.609375 0.214062 0.618750 0.203125 0.626563 0.179688 0.635938 0.175000 0.635938 0.168750 0.653125 0.153125 0.653125 0.131250 0.648438 0.118750 0.648438 0.106250 0.653125 0.101562 0.653125 0.067187 0.640625 0.039062 0.643750 0.035937 0.645312 0.020313 0.657813 0.004687
