0 0.737500 0.921875 0.735938 0.939063 0.743750 0.943750 0.767188 0.942187 0.767188 0.928125 0.754687 0.925000 0.753125 0.921875
0 0.898438 0.881250 0.898438 0.898438 0.903125 0.901563 0.903125 0.915625 0.907813 0.918750 0.907813 0.923438 0.903125 0.925000 0.903125 0.935937 0.906250 0.935937 0.915625 0.948438 0.943750 0.948438 0.950000 0.953125 0.951562 0.957812 0.956250 0.959375 0.956250 0.965625 0.959375 0.965625 0.964063 0.971875 0.973437 0.995313 0.984375 0.998437 0.984375 0.987500 0.979688 0.976562 0.993750 0.973437 0.993750 0.965625 0.989062 0.962500 0.989062 0.956250 0.979688 0.950000 0.979688 0.943750 0.975000 0.942187 0.975000 0.937500 0.970313 0.935937 0.965625 0.925000 0.959375 0.925000 0.954688 0.917188 0.946875 0.917188 0.940625 0.907813 0.931250 0.907813 0.910937 0.881250
0 0.693750 0.726562 0.693750 0.737500 0.712500 0.745313 0.721875 0.754687 0.726562 0.754687 0.748437 0.779687 0.748437 0.785937 0.765625 0.798438 0.771875 0.798438 0.790625 0.812500 0.810937 0.834375 0.815625 0.834375 0.828125 0.850000 0.828125 0.856250 0.835938 0.862500 0.839063 0.870313 0.846875 0.875000 0.860938 0.873437 0.865625 0.860938 0.865625 0.846875 0.859375 0.845313 0.851562 0.835938 0.846875 0.835938 0.843750 0.831250 0.835938 0.828125 0.834375 0.820312 0.828125 0.817187 0.828125 0.812500 0.820312 0.801562 0.809375 0.801562 0.796875 0.790625 0.789062 0.789062 0.785937 0.784375 0.775000 0.784375 0.771875 0.779687 0.762500 0.779687 0.756250 0.773438 0.756250 0.768750 0.750000 0.759375 0.750000 0.750000 0.745313 0.748437 0.735938 0.735938 0.723437 0.726562
0 0.514062 0.621875 0.514062 0.635938 0.506250 0.639062 0.506250 0.648438 0.510938 0.653125 0.523438 0.654687 0.540625 0.665625 0.542188 0.684375 0.546875 0.689063 0.554688 0.690625 0.554688 0.696875 0.559375 0.700000 0.559375 0.710938 0.562500 0.712500 0.564063 0.718750 0.610938 0.715625 0.617188 0.723437 0.621875 0.723437 0.625000 0.728125 0.631250 0.728125 0.639062 0.737500 0.670312 0.737500 0.670312 0.726562 0.665625 0.726562 0.650000 0.714063 0.637500 0.712500 0.626563 0.700000 0.598437 0.701562 0.587500 0.682813 0.578125 0.676562 0.564063 0.656250 0.559375 0.656250 0.539062 0.635938 0.539062 0.629687 0.528125 0.620313
0 0.293750 0.546875 0.293750 0.564063 0.298438 0.567187 0.307812 0.567187 0.321875 0.560937 0.320312 0.546875
0 0.360938 0.359375 0.359375 0.370312 0.371875 0.381250 0.371875 0.401562 0.365625 0.410938 0.364063 0.431250 0.359375 0.434375 0.359375 0.462500 0.371875 0.473438 0.373437 0.485938 0.390625 0.504687 0.390625 0.512500 0.395313 0.515625 0.395313 0.534375 0.390625 0.537500 0.390625 0.553125 0.381250 0.557813 0.381250 0.578125 0.390625 0.582812 0.398438 0.582812 0.400000 0.568750 0.395313 0.559375 0.400000 0.556250 0.403125 0.559375 0.403125 0.568750 0.417187 0.582812 0.412500 0.587500 0.412500 0.600000 0.426563 0.601562 0.429688 0.609375 0.432812 0.609375 0.439063 0.618750 0.457813 0.614062 0.465625 0.620313 0.471875 0.635938 0.478125 0.639062 0.479687 0.645312 0.493750 0.643750 0.496875 0.640625 0.493750 0.623437 0.498437 0.620313 0.498437 0.607812 0.478125 0.603125 0.475000 0.598437 0.457813 0.598437 0.451562 0.593750 0.429688 0.593750 0.425000 0.587500 0.426563 0.557813 0.423438 0.554688 0.423438 0.517188 0.426563 0.514062 0.426563 0.507812 0.418750 0.496875 0.418750 0.487500 0.409375 0.481250 0.407813 0.475000 0.393750 0.475000 0.382812 0.459375 0.382812 0.439063 0.387500 0.435937 0.387500 0.426563 0.392188 0.423438 0.392188 0.376563 0.382812 0.364063 0.376563 0.364063 0.373437 0.359375
0 0.304688 0.293750 0.304688 0.312500 0.298438 0.315625 0.298438 0.320312 0.293750 0.325000 0.293750 0.332813 0.301563 0.337500 0.303125 0.343750 0.306250 0.345313 0.307812 0.356250 0.310937 0.360938 0.321875 0.360938 0.326562 0.365625 0.348438 0.365625 0.348438 0.359375 0.339062 0.359375 0.334375 0.354687 0.334375 0.346875 0.321875 0.329688 0.321875 0.318750 0.326562 0.317188 0.326562 0.301563 0.318750 0.298438 0.317188 0.293750
0 0.856250 0.207813 0.853125 0.215625 0.845313 0.218750 0.843750 0.229687 0.865625 0.232813 0.865625 0.209375
0 0.226562 0.082812 0.228125 0.114062 0.240625 0.123438 0.240625 0.128125 0.245312 0.132812 0.243750 0.153125 0.253125 0.157812 0.254688 0.182812 0.267188 0.187500 0.267188 0.209375 0.271875 0.212500 0.271875 0.218750 0.279687 0.226562 0.281250 0.248438 0.284375 0.251563 0.284375 0.267188 0.271875 0.268750 0.270313 0.275000 0.267188 0.276562 0.267188 0.282813 0.270313 0.284375 0.271875 0.290625 0.284375 0.290625 0.289062 0.282813 0.298438 0.290625 0.306250 0.290625 0.306250 0.273438 0.309375 0.265625 0.307812 0.245312 0.300000 0.237500 0.298438 0.223438 0.290625 0.221875 0.290625 0.201563 0.285938 0.196875 0.285938 0.182812 0.268750 0.151562 0.268750 0.139063 0.264062 0.135937 0.264062 0.112500 0.259375 0.107813 0.259375 0.100000 0.251563 0.084375 0.246875 0.081250
0 0.248438 0.000000 0.250000 0.015625 0.257812 0.023438 0.257812 0.034375 0.262500 0.037500 0.262500 0.051562 0.271875 0.051562 0.273438 0.046875 0.282813 0.039062 0.281250 0.017188 0.278125 0.015625 0.271875 0.000000
