0 0.998437 0.789062 0.978125 0.789062 0.973437 0.793750 0.942187 0.795312 0.939063 0.801562 0.940625 0.812500 0.945312 0.817187 0.964063 0.815625 0.965625 0.812500 0.998437 0.812500
0 0.153125 0.745313 0.154688 0.756250 0.165625 0.756250 0.175000 0.751563 0.175000 0.742188 0.156250 0.740625
0 0.679688 0.706250 0.679688 0.714063 0.693750 0.720313 0.701562 0.720313 0.714063 0.737500 0.731250 0.742188 0.739062 0.756250 0.748437 0.765625 0.748437 0.778125 0.740625 0.784375 0.739062 0.800000 0.746875 0.812500 0.756250 0.812500 0.760938 0.803125 0.770312 0.801562 0.773438 0.781250 0.778125 0.776563 0.782813 0.782813 0.790625 0.785937 0.792188 0.792188 0.815625 0.796875 0.823438 0.807813 0.842187 0.807813 0.845313 0.812500 0.851562 0.812500 0.862500 0.821875 0.876563 0.820312 0.881250 0.825000 0.887500 0.825000 0.889062 0.821875 0.909375 0.820312 0.909375 0.801562 0.906250 0.801562 0.901563 0.792188 0.892188 0.784375 0.850000 0.793750 0.835938 0.784375 0.829688 0.776563 0.815625 0.768750 0.803125 0.753125 0.779687 0.753125 0.776563 0.748437 0.757812 0.748437 0.754687 0.740625 0.751563 0.740625 0.740625 0.729688 0.737500 0.721875 0.728125 0.712500 0.723437 0.712500 0.721875 0.709375 0.703125 0.709375 0.695312 0.700000 0.685937 0.700000
0 0.603125 0.651563 0.600000 0.665625 0.595313 0.668750 0.595313 0.676562 0.598437 0.676562 0.607812 0.687500 0.607812 0.695312 0.617188 0.704688 0.617188 0.709375 0.635938 0.710938 0.643750 0.717187 0.643750 0.720313 0.653125 0.723437 0.670312 0.723437 0.671875 0.714063 0.667188 0.710938 0.667188 0.704688 0.662500 0.703125 0.662500 0.695312 0.659375 0.695312 0.653125 0.687500 0.632812 0.685937 0.626563 0.679688 0.618750 0.678125 0.614062 0.654687
0 0.270313 0.501563 0.270313 0.510938 0.289062 0.512500 0.301563 0.498437 0.312500 0.498437 0.315625 0.503125 0.340625 0.498437 0.343750 0.503125 0.351562 0.503125 0.364063 0.521875 0.368750 0.521875 0.385937 0.540625 0.385937 0.543750 0.398438 0.543750 0.401562 0.539062 0.421875 0.539062 0.431250 0.548438 0.434375 0.560937 0.459375 0.568750 0.467187 0.575000 0.481250 0.576562 0.487500 0.582812 0.487500 0.592187 0.493750 0.592187 0.496875 0.600000 0.504687 0.604688 0.506250 0.609375 0.517188 0.609375 0.521875 0.614062 0.529687 0.614062 0.537500 0.621875 0.551562 0.623437 0.564063 0.637500 0.578125 0.637500 0.593750 0.650000 0.600000 0.650000 0.596875 0.634375 0.581250 0.626563 0.578125 0.612500 0.575000 0.609375 0.567187 0.609375 0.562500 0.601562 0.551562 0.593750 0.551562 0.590625 0.546875 0.590625 0.543750 0.585938 0.512500 0.585938 0.503125 0.570312 0.493750 0.564063 0.489063 0.564063 0.482812 0.554688 0.478125 0.554688 0.468750 0.546875 0.451562 0.545312 0.445312 0.537500 0.442188 0.537500 0.435937 0.529687 0.431250 0.515625 0.395313 0.520312 0.392188 0.512500 0.385937 0.510938 0.375000 0.493750 0.365625 0.487500 0.365625 0.475000 0.360938 0.470313 0.354687 0.470313 0.348438 0.478125 0.342187 0.478125 0.334375 0.473438 0.325000 0.473438 0.321875 0.478125 0.303125 0.478125 0.301563 0.481250 0.295312 0.482812 0.289062 0.492188 0.282813 0.492188
0 0.264062 0.503125 0.264062 0.487500 0.254688 0.473438 0.248438 0.471875 0.246875 0.465625 0.237500 0.459375 0.237500 0.456250 0.223438 0.456250 0.212500 0.464062 0.204687 0.464062 0.203125 0.460938 0.170313 0.460938 0.157812 0.471875 0.157812 0.479687 0.165625 0.485938 0.165625 0.489063 0.195312 0.489063 0.196875 0.492188 0.206250 0.492188 0.209375 0.484375 0.221875 0.484375 0.223438 0.489063 0.243750 0.489063 0.251563 0.503125
0 0.042188 0.460938 0.042188 0.471875 0.051562 0.479687 0.065625 0.479687 0.068750 0.484375 0.078125 0.484375 0.079687 0.489063 0.084375 0.489063 0.090625 0.498437 0.110937 0.498437 0.117188 0.493750 0.125000 0.498437 0.134375 0.498437 0.145313 0.492188 0.145313 0.479687 0.135937 0.467187 0.095312 0.473438 0.087500 0.456250 0.081250 0.456250 0.079687 0.453125 0.068750 0.454688 0.067187 0.451562 0.056250 0.451562
0 0.000000 0.395313 0.000000 0.423438 0.009375 0.423438 0.014063 0.431250 0.025000 0.432812 0.026562 0.435937 0.043750 0.435937 0.043750 0.417187 0.035937 0.407813 0.023438 0.407813 0.021875 0.403125 0.018750 0.403125 0.012500 0.395313
0 0.846875 0.351562 0.845313 0.371875 0.856250 0.375000 0.856250 0.351562
0 0.000000 0.289062 0.000000 0.301563 0.006250 0.307812 0.006250 0.312500 0.012500 0.312500 0.015625 0.306250 0.015625 0.292187 0.012500 0.289062
0 0.692187 0.210938 0.690625 0.223438 0.696875 0.237500 0.701562 0.240625 0.709375 0.240625 0.714063 0.237500 0.710938 0.218750 0.698438 0.210938
0 0.179688 0.006250 0.179688 0.012500 0.185938 0.014063 0.187500 0.017188 0.210938 0.017188 0.217188 0.009375 0.220312 0.009375 0.220312 0.000000 0.182812 0.000000 0.182812 0.004687
