0 0.782813 0.993750 0.782813 0.998437 0.807813 0.998437 0.803125 0.992188
0 0.695312 0.895312 0.678125 0.896875 0.675000 0.914062 0.684375 0.914062 0.684375 0.910937 0.695312 0.903125
0 0.335938 0.859375 0.323437 0.859375 0.321875 0.867188 0.312500 0.867188 0.306250 0.882812 0.301563 0.889062 0.298438 0.889062 0.298438 0.896875 0.289062 0.898438 0.281250 0.904687 0.279687 0.910937 0.276562 0.912500 0.276562 0.921875 0.281250 0.934375 0.290625 0.934375 0.295312 0.931250 0.298438 0.935937 0.309375 0.935937 0.314063 0.926562 0.325000 0.926562 0.326562 0.923438 0.332813 0.921875 0.335938 0.909375 0.351562 0.909375 0.353125 0.904687 0.360938 0.904687 0.360938 0.893750 0.340625 0.893750 0.335938 0.890625
0 0.429688 0.810937 0.426563 0.815625 0.429688 0.837500 0.435937 0.837500 0.440625 0.810937
0 0.656250 0.795312 0.662500 0.795312 0.662500 0.790625 0.668750 0.784375 0.676562 0.784375 0.676562 0.775000 0.656250 0.775000
0 0.975000 0.690625 0.965625 0.690625 0.965625 0.703125 0.960938 0.704688 0.960938 0.712500 0.970313 0.714063 0.973437 0.710938
0 0.692187 0.687500 0.693750 0.706250 0.700000 0.710938 0.700000 0.714063 0.710938 0.714063 0.710938 0.707812 0.704688 0.701562 0.704688 0.687500
0 0.564063 0.635938 0.562500 0.660937 0.575000 0.662500 0.575000 0.650000 0.570312 0.648438 0.570312 0.635938
0 0.459375 0.540625 0.459375 0.546875 0.467187 0.560937 0.473438 0.560937 0.475000 0.550000 0.468750 0.542188
0 0.626563 0.478125 0.620313 0.478125 0.620313 0.481250 0.615625 0.482812 0.615625 0.490625 0.612500 0.492188 0.610938 0.504687 0.607812 0.506250 0.607812 0.514062 0.610938 0.515625 0.609375 0.525000 0.598437 0.532813 0.596875 0.537500 0.590625 0.537500 0.584375 0.548438 0.576562 0.551562 0.576562 0.560937 0.581250 0.565625 0.581250 0.626563 0.587500 0.632812 0.596875 0.632812 0.604688 0.626563 0.603125 0.603125 0.604688 0.598437 0.609375 0.596875 0.609375 0.575000 0.614062 0.571875 0.614062 0.556250 0.626563 0.553125 0.626563 0.545312 0.635938 0.539062 0.635938 0.528125 0.640625 0.526563 0.640625 0.495312 0.635938 0.493750 0.634375 0.482812 0.628125 0.482812
0 0.328125 0.415625 0.315625 0.417187 0.314063 0.421875 0.307812 0.421875 0.306250 0.417187 0.298438 0.417187 0.298438 0.421875 0.293750 0.426563 0.293750 0.442188 0.304688 0.443750 0.306250 0.440625 0.312500 0.440625 0.314063 0.445312 0.321875 0.445312 0.328125 0.435937 0.328125 0.428125 0.331250 0.426563
0 0.728125 0.378125 0.715625 0.376563 0.714063 0.373437 0.704688 0.373437 0.700000 0.376563 0.700000 0.410938 0.696875 0.412500 0.695312 0.426563 0.687500 0.434375 0.682813 0.446875 0.670312 0.448437 0.660937 0.464062 0.656250 0.465625 0.656250 0.482812 0.682813 0.482812 0.689063 0.468750 0.693750 0.467187 0.698438 0.457813 0.706250 0.454688 0.706250 0.442188 0.714063 0.435937 0.728125 0.435937 0.731250 0.431250 0.731250 0.423438 0.728125 0.421875
0 0.815625 0.117188 0.801562 0.117188 0.801562 0.132812 0.793750 0.143750 0.792188 0.159375 0.784375 0.171875 0.784375 0.181250 0.779687 0.184375 0.779687 0.192188 0.771875 0.201563 0.770312 0.231250 0.762500 0.242188 0.760938 0.256250 0.748437 0.267188 0.740625 0.268750 0.740625 0.287500 0.750000 0.287500 0.753125 0.284375 0.756250 0.289062 0.748437 0.293750 0.745313 0.304688 0.742188 0.301563 0.728125 0.303125 0.726562 0.310937 0.717187 0.325000 0.718750 0.342187 0.721875 0.342187 0.735938 0.356250 0.742188 0.356250 0.754687 0.348438 0.754687 0.342187 0.759375 0.339062 0.759375 0.326562 0.764062 0.323437 0.764062 0.289062 0.775000 0.273438 0.785937 0.273438 0.785937 0.267188 0.800000 0.259375 0.800000 0.250000 0.803125 0.246875 0.810937 0.246875 0.810937 0.237500 0.807813 0.234375 0.807813 0.201563 0.812500 0.198437 0.812500 0.193750 0.820312 0.184375 0.829688 0.184375 0.832812 0.179688 0.829688 0.167187 0.834375 0.164062 0.834375 0.157812 0.829688 0.154688 0.829688 0.123438 0.821875 0.123438 0.818750 0.126562
0 0.467187 0.098437 0.467187 0.118750 0.475000 0.118750 0.478125 0.106250 0.475000 0.104688 0.475000 0.098437
0 0.901563 0.060937 0.893750 0.068750 0.895312 0.084375 0.901563 0.087500 0.917188 0.087500 0.917188 0.064062 0.914062 0.060937
0 0.860938 0.000000 0.810937 0.000000 0.806250 0.021875 0.801562 0.026562 0.801562 0.059375 0.796875 0.060937 0.796875 0.065625 0.793750 0.067187 0.793750 0.087500 0.796875 0.089063 0.796875 0.093750 0.809375 0.098437 0.810937 0.106250 0.818750 0.106250 0.821875 0.110937 0.835938 0.110937 0.839063 0.106250 0.839063 0.095312 0.834375 0.090625 0.839063 0.079687 0.839063 0.050000 0.846875 0.048438 0.848437 0.039062 0.851562 0.037500 0.851562 0.028125 0.854688 0.026562 0.860938 0.009375
