0 0.929688 0.973437 0.931250 0.996875 0.945312 0.998437 0.940625 0.973437
0 0.837500 0.882812 0.839063 0.904687 0.856250 0.904687 0.856250 0.885938
0 0.876563 0.876563 0.876563 0.895312 0.881250 0.896875 0.881250 0.901563 0.862500 0.903125 0.862500 0.909375 0.881250 0.914062 0.882812 0.906250 0.887500 0.904687 0.896875 0.910937 0.898438 0.921875 0.907813 0.928125 0.907813 0.935937 0.917188 0.940625 0.939063 0.943750 0.939063 0.940625 0.943750 0.939063 0.943750 0.929688 0.918750 0.909375 0.917188 0.900000 0.912500 0.893750 0.901563 0.889062 0.896875 0.881250 0.890625 0.881250 0.885938 0.876563
0 0.626563 0.746875 0.600000 0.748437 0.598437 0.760938 0.601562 0.767188 0.612500 0.773438 0.618750 0.773438 0.620313 0.768750 0.631250 0.767188 0.632812 0.757812
0 0.443750 0.657813 0.443750 0.667188 0.453125 0.670312 0.460938 0.676562 0.460938 0.679688 0.475000 0.679688 0.479687 0.673438 0.476562 0.656250
0 0.223438 0.607812 0.223438 0.626563 0.226562 0.626563 0.228125 0.631250 0.237500 0.631250 0.237500 0.612500 0.232813 0.607812
0 0.435937 0.576562 0.418750 0.576562 0.414062 0.581250 0.412500 0.592187 0.409375 0.593750 0.414062 0.609375 0.426563 0.609375 0.440625 0.595313 0.440625 0.581250
0 0.812500 0.523438 0.810937 0.539062 0.815625 0.543750 0.825000 0.543750 0.829688 0.539062 0.829688 0.529687 0.825000 0.523438
0 0.365625 0.507812 0.365625 0.514062 0.384375 0.525000 0.385937 0.532813 0.400000 0.534375 0.404687 0.526563 0.404687 0.515625 0.401562 0.515625 0.400000 0.510938 0.392188 0.506250
0 0.431250 0.506250 0.429688 0.525000 0.460938 0.540625 0.465625 0.559375 0.478125 0.564063 0.484375 0.573438 0.493750 0.578125 0.509375 0.607812 0.546875 0.640625 0.578125 0.653125 0.576562 0.681250 0.590625 0.715625 0.610938 0.710938 0.621875 0.729688 0.637500 0.732812 0.637500 0.743750 0.648438 0.754687 0.675000 0.754687 0.717187 0.776563 0.751563 0.776563 0.787500 0.812500 0.817187 0.812500 0.829688 0.823438 0.828125 0.835938 0.818750 0.840625 0.818750 0.851562 0.829688 0.850000 0.834375 0.839063 0.840625 0.837500 0.842187 0.875000 0.857812 0.873437 0.860938 0.867188 0.860938 0.845313 0.854688 0.840625 0.851562 0.825000 0.843750 0.821875 0.846875 0.817187 0.843750 0.806250 0.825000 0.804688 0.817187 0.790625 0.807813 0.785937 0.807813 0.776563 0.795312 0.771875 0.767188 0.748437 0.754687 0.748437 0.751563 0.753125 0.714063 0.753125 0.693750 0.740625 0.671875 0.739062 0.662500 0.731250 0.653125 0.731250 0.628125 0.703125 0.617188 0.678125 0.607812 0.673438 0.600000 0.656250 0.584375 0.653125 0.571875 0.628125 0.546875 0.607812 0.540625 0.607812 0.531250 0.598437 0.529687 0.589063 0.509375 0.575000 0.507812 0.564063 0.495312 0.559375 0.481250 0.539062 0.470313 0.532813 0.457813 0.503125 0.437500 0.501563
0 0.267188 0.470313 0.267188 0.481250 0.271875 0.484375 0.282813 0.484375 0.285938 0.468750 0.300000 0.467187 0.306250 0.459375 0.312500 0.459375 0.314063 0.464062 0.309375 0.468750 0.309375 0.475000 0.321875 0.473438 0.328125 0.479687 0.351562 0.484375 0.351562 0.468750 0.342187 0.456250 0.334375 0.451562 0.326562 0.451562 0.325000 0.448437 0.298438 0.446875 0.296875 0.443750 0.279687 0.443750 0.271875 0.456250 0.271875 0.468750
0 0.857812 0.382812 0.857812 0.389062 0.864062 0.396875 0.881250 0.398438 0.881250 0.389062 0.878125 0.385937 0.871875 0.385937 0.870313 0.382812
0 0.051562 0.378125 0.053125 0.387500 0.076563 0.387500 0.076563 0.379688 0.067187 0.373437 0.056250 0.373437
0 0.095312 0.339062 0.095312 0.345313 0.090625 0.346875 0.090625 0.354687 0.095312 0.356250 0.095312 0.382812 0.129688 0.387500 0.131250 0.396875 0.135937 0.401562 0.145313 0.401562 0.151562 0.396875 0.157812 0.396875 0.160938 0.400000 0.170313 0.400000 0.175000 0.409375 0.200000 0.409375 0.201563 0.418750 0.206250 0.423438 0.215625 0.423438 0.215625 0.415625 0.220312 0.414062 0.220312 0.398438 0.206250 0.393750 0.204687 0.390625 0.187500 0.390625 0.184375 0.385937 0.178125 0.385937 0.173437 0.376563 0.151562 0.373437 0.137500 0.364063 0.129688 0.364063 0.115625 0.354687 0.103125 0.339062
0 0.000000 0.284375 0.000000 0.306250 0.007812 0.312500 0.031250 0.317188 0.034375 0.321875 0.057813 0.321875 0.062500 0.317188 0.082812 0.315625 0.082812 0.307812 0.075000 0.298438 0.062500 0.298438 0.056250 0.303125 0.032813 0.301563 0.021875 0.292187 0.021875 0.289062 0.017188 0.289062 0.012500 0.284375
