0 0.592187 0.831250 0.590625 0.859375 0.598437 0.860938 0.609375 0.853125 0.609375 0.840625 0.603125 0.839063 0.601562 0.832812
0 0.482812 0.731250 0.467187 0.731250 0.465625 0.739062 0.460938 0.742188 0.460938 0.764062 0.478125 0.764062 0.484375 0.759375 0.485938 0.739062
0 0.746875 0.720313 0.742188 0.742188 0.745313 0.742188 0.764062 0.759375 0.773438 0.759375 0.776563 0.764062 0.787500 0.764062 0.796875 0.776563 0.803125 0.778125 0.823438 0.776563 0.834375 0.768750 0.834375 0.748437 0.829688 0.746875 0.829688 0.742188 0.806250 0.740625 0.803125 0.745313 0.778125 0.742188 0.776563 0.739062 0.770312 0.737500 0.768750 0.731250 0.757812 0.725000 0.757812 0.718750
0 0.889062 0.737500 0.889062 0.748437 0.898438 0.748437 0.900000 0.737500 0.912500 0.742188 0.932813 0.742188 0.937500 0.746875 0.946875 0.746875 0.951562 0.742188 0.959375 0.742188 0.964063 0.746875 0.998437 0.746875 0.998437 0.718750 0.992188 0.723437 0.979688 0.723437 0.978125 0.718750 0.971875 0.717187 0.932813 0.720313 0.923438 0.718750 0.915625 0.709375 0.898438 0.709375 0.893750 0.735938
0 0.873437 0.679688 0.873437 0.651563 0.864062 0.645312 0.865625 0.634375 0.845313 0.634375 0.845313 0.640625 0.842187 0.643750 0.812500 0.643750 0.810937 0.646875 0.800000 0.648438 0.798438 0.651563 0.792188 0.651563 0.782813 0.643750 0.770312 0.643750 0.765625 0.648438 0.760938 0.648438 0.762500 0.662500 0.767188 0.662500 0.776563 0.670312 0.798438 0.670312 0.800000 0.667188 0.809375 0.667188 0.818750 0.662500 0.820312 0.667188 0.835938 0.667188 0.848437 0.676562 0.862500 0.679688 0.864062 0.684375 0.870313 0.684375
0 0.960938 0.625000 0.960938 0.632812 0.951562 0.639062 0.951562 0.650000 0.956250 0.651563 0.956250 0.657813 0.960938 0.660937 0.971875 0.660937 0.978125 0.657813 0.978125 0.645312 0.968750 0.629687 0.968750 0.625000
0 0.550000 0.592187 0.550000 0.603125 0.560937 0.609375 0.567187 0.617188 0.579688 0.617188 0.581250 0.623437 0.585938 0.625000 0.587500 0.635938 0.601562 0.635938 0.607812 0.631250 0.643750 0.631250 0.650000 0.626563 0.650000 0.620313 0.645312 0.612500 0.615625 0.612500 0.614062 0.607812 0.595313 0.607812 0.592187 0.604688 0.585938 0.604688 0.582812 0.600000 0.567187 0.595313 0.564063 0.590625
0 0.329688 0.468750 0.329688 0.493750 0.337500 0.493750 0.342187 0.498437 0.346875 0.498437 0.351562 0.507812 0.365625 0.520312 0.390625 0.525000 0.398438 0.534375 0.409375 0.534375 0.415625 0.540625 0.417187 0.546875 0.425000 0.548438 0.434375 0.559375 0.451562 0.559375 0.456250 0.564063 0.475000 0.562500 0.498437 0.578125 0.514062 0.582812 0.525000 0.592187 0.539062 0.592187 0.539062 0.582812 0.532813 0.581250 0.528125 0.573438 0.515625 0.571875 0.507812 0.560937 0.496875 0.559375 0.484375 0.550000 0.464062 0.550000 0.426563 0.515625 0.410938 0.515625 0.407813 0.510938 0.384375 0.503125 0.375000 0.489063 0.375000 0.482812 0.370312 0.478125 0.365625 0.478125 0.360938 0.470313 0.351562 0.470313 0.346875 0.465625 0.332813 0.465625
0 0.204687 0.228125 0.200000 0.235937 0.201563 0.260937 0.204687 0.262500 0.204687 0.268750 0.214062 0.278125 0.214062 0.282813 0.228125 0.295312 0.256250 0.295312 0.267188 0.306250 0.267188 0.320312 0.276562 0.326562 0.279687 0.343750 0.289062 0.351562 0.289062 0.362500 0.293750 0.365625 0.293750 0.375000 0.306250 0.393750 0.306250 0.406250 0.310937 0.410938 0.310937 0.418750 0.323437 0.432812 0.320312 0.446875 0.323437 0.448437 0.325000 0.454688 0.334375 0.454688 0.343750 0.437500 0.343750 0.414062 0.335938 0.410938 0.326562 0.385937 0.317188 0.376563 0.317188 0.365625 0.312500 0.360938 0.312500 0.346875 0.307812 0.337500 0.301563 0.334375 0.295312 0.321875 0.295312 0.315625 0.282813 0.301563 0.273438 0.296875 0.273438 0.284375 0.262500 0.284375 0.254688 0.271875 0.250000 0.271875 0.246875 0.267188 0.240625 0.267188 0.234375 0.262500 0.225000 0.245312 0.214062 0.235937 0.210938 0.228125
0 0.100000 0.003125 0.095312 0.007812 0.095312 0.023438 0.090625 0.028125 0.090625 0.051562 0.087500 0.053125 0.085938 0.075000 0.095312 0.082812 0.095312 0.087500 0.100000 0.090625 0.100000 0.095312 0.104688 0.098437 0.106250 0.104688 0.128125 0.106250 0.135937 0.110937 0.150000 0.110937 0.154688 0.118750 0.164062 0.121875 0.167187 0.125000 0.168750 0.135937 0.184375 0.146875 0.187500 0.154688 0.192188 0.157812 0.196875 0.181250 0.212500 0.181250 0.215625 0.165625 0.210938 0.154688 0.203125 0.146875 0.203125 0.140625 0.198437 0.137500 0.196875 0.121875 0.184375 0.109375 0.178125 0.109375 0.176563 0.106250 0.170313 0.106250 0.167187 0.109375 0.157812 0.107813 0.157812 0.093750 0.150000 0.090625 0.150000 0.085938 0.140625 0.075000 0.140625 0.068750 0.135937 0.068750 0.128125 0.060937 0.128125 0.035937 0.123438 0.032813 0.118750 0.017188 0.106250 0.003125
