0 0.378125 0.859375 0.378125 0.870313 0.384375 0.873437 0.385937 0.881250 0.392188 0.884375 0.400000 0.884375 0.400000 0.879687 0.409375 0.871875 0.409375 0.864062 0.406250 0.859375
0 0.965625 0.784375 0.964063 0.803125 0.967187 0.803125 0.973437 0.810937 0.985938 0.815625 0.987500 0.820312 0.995313 0.820312 0.998437 0.812500 0.996875 0.793750 0.990625 0.792188 0.989062 0.789062 0.981250 0.789062 0.979688 0.784375
0 0.645312 0.657813 0.645312 0.664062 0.657813 0.667188 0.660937 0.676562 0.665625 0.679688 0.675000 0.679688 0.687500 0.689063 0.695312 0.689063 0.700000 0.693750 0.717187 0.693750 0.720313 0.696875 0.734375 0.698438 0.745313 0.710938 0.748437 0.720313 0.751563 0.720313 0.757812 0.728125 0.771875 0.729688 0.785937 0.745313 0.798438 0.746875 0.806250 0.764062 0.809375 0.764062 0.815625 0.771875 0.828125 0.775000 0.832812 0.781250 0.846875 0.784375 0.846875 0.775000 0.842187 0.767188 0.851562 0.764062 0.873437 0.776563 0.871875 0.785937 0.890625 0.785937 0.896875 0.793750 0.910937 0.795312 0.915625 0.798438 0.946875 0.798438 0.943750 0.779687 0.931250 0.767188 0.917188 0.765625 0.915625 0.762500 0.900000 0.762500 0.896875 0.757812 0.864062 0.757812 0.860938 0.753125 0.840625 0.753125 0.839063 0.750000 0.828125 0.748437 0.825000 0.740625 0.817187 0.737500 0.810937 0.728125 0.804688 0.726562 0.803125 0.723437 0.789062 0.723437 0.785937 0.714063 0.782813 0.714063 0.776563 0.706250 0.770312 0.704688 0.757812 0.689063 0.729688 0.678125 0.714063 0.665625 0.709375 0.665625 0.701562 0.656250 0.676562 0.656250 0.670312 0.651563 0.651563 0.651563 0.651563 0.654687
0 0.543750 0.565625 0.543750 0.576562 0.554688 0.587500 0.571875 0.587500 0.581250 0.601562 0.584375 0.601562 0.590625 0.609375 0.596875 0.609375 0.598437 0.614062 0.615625 0.614062 0.629687 0.631250 0.648438 0.632812 0.648438 0.604688 0.640625 0.595313 0.632812 0.595313 0.631250 0.590625 0.615625 0.590625 0.609375 0.581250 0.603125 0.581250 0.596875 0.573438 0.589063 0.570312 0.578125 0.556250 0.559375 0.559375 0.557813 0.567187
0 0.192188 0.467187 0.192188 0.471875 0.184375 0.478125 0.184375 0.485938 0.190625 0.490625 0.190625 0.493750 0.204687 0.493750 0.204687 0.487500 0.200000 0.485938 0.198437 0.479687 0.214062 0.479687 0.215625 0.467187
0 0.815625 0.428125 0.818750 0.450000 0.825000 0.450000 0.825000 0.431250 0.823438 0.428125
0 0.253125 0.407813 0.254688 0.426563 0.259375 0.439063 0.262500 0.440625 0.262500 0.446875 0.267188 0.450000 0.267188 0.457813 0.292187 0.471875 0.298438 0.479687 0.306250 0.479687 0.310937 0.487500 0.321875 0.484375 0.325000 0.493750 0.353125 0.498437 0.359375 0.507812 0.373437 0.510938 0.384375 0.526563 0.395313 0.532813 0.395313 0.539062 0.407813 0.551562 0.426563 0.551562 0.434375 0.560937 0.450000 0.560937 0.451562 0.557813 0.456250 0.560937 0.498437 0.560937 0.515625 0.568750 0.526563 0.568750 0.526563 0.559375 0.532813 0.551562 0.535937 0.551562 0.535937 0.542188 0.529687 0.537500 0.493750 0.540625 0.492188 0.537500 0.478125 0.537500 0.471875 0.532813 0.460938 0.532813 0.457813 0.528125 0.451562 0.528125 0.450000 0.525000 0.425000 0.523438 0.423438 0.520312 0.417187 0.520312 0.404687 0.510938 0.400000 0.496875 0.389062 0.492188 0.381250 0.481250 0.370312 0.476562 0.356250 0.460938 0.326562 0.460938 0.303125 0.434375 0.290625 0.431250 0.268750 0.407813
0 0.123438 0.112500 0.117188 0.118750 0.117188 0.128125 0.121875 0.132812 0.121875 0.137500 0.139063 0.154688 0.139063 0.159375 0.154688 0.164062 0.170313 0.179688 0.170313 0.201563 0.175000 0.204687 0.175000 0.210938 0.179688 0.215625 0.179688 0.223438 0.196875 0.240625 0.201563 0.260937 0.206250 0.264062 0.206250 0.279687 0.209375 0.281250 0.209375 0.289062 0.214062 0.296875 0.214062 0.326562 0.235937 0.346875 0.235937 0.375000 0.240625 0.378125 0.250000 0.378125 0.246875 0.346875 0.237500 0.334375 0.237500 0.303125 0.225000 0.293750 0.225000 0.282813 0.220312 0.279687 0.220312 0.257812 0.215625 0.253125 0.215625 0.235937 0.210938 0.231250 0.210938 0.221875 0.203125 0.209375 0.203125 0.204687 0.198437 0.201563 0.198437 0.190625 0.190625 0.187500 0.182812 0.179688 0.171875 0.156250 0.154688 0.143750 0.154688 0.126562 0.150000 0.123438 0.150000 0.117188 0.143750 0.117188 0.140625 0.112500
0 0.881250 0.090625 0.881250 0.100000 0.885938 0.106250 0.895312 0.110937 0.904687 0.110937 0.904687 0.100000 0.900000 0.098437 0.895312 0.087500 0.885938 0.087500
0 0.054688 0.000000 0.056250 0.014063 0.064062 0.018750 0.064062 0.026562 0.068750 0.028125 0.078125 0.048438 0.085938 0.054688 0.090625 0.065625 0.104688 0.071875 0.104688 0.081250 0.112500 0.092188 0.121875 0.092188 0.123438 0.065625 0.118750 0.059375 0.118750 0.046875 0.115625 0.046875 0.114062 0.042188 0.096875 0.026562 0.079687 0.000000
