0 0.215625 0.973437 0.218750 0.998437 0.237500 0.998437 0.237500 0.979688 0.226562 0.979688 0.225000 0.973437
0 0.173437 0.881250 0.168750 0.889062 0.168750 0.895312 0.175000 0.898438 0.175000 0.903125 0.181250 0.903125 0.181250 0.881250
0 0.020313 0.823438 0.020313 0.831250 0.028125 0.851562 0.034375 0.851562 0.042188 0.839063 0.040625 0.828125 0.035937 0.823438
0 0.534375 0.731250 0.523438 0.731250 0.521875 0.735938 0.496875 0.735938 0.492188 0.760938 0.515625 0.759375 0.517188 0.754687 0.523438 0.754687 0.526563 0.743750 0.534375 0.740625
0 0.296875 0.714063 0.287500 0.714063 0.287500 0.723437 0.271875 0.742188 0.271875 0.746875 0.267188 0.748437 0.267188 0.754687 0.285938 0.754687 0.290625 0.750000 0.290625 0.743750 0.295312 0.742188
0 0.365625 0.670312 0.353125 0.670312 0.340625 0.678125 0.332813 0.678125 0.331250 0.682813 0.326562 0.682813 0.323437 0.690625 0.314063 0.690625 0.306250 0.696875 0.304688 0.709375 0.315625 0.709375 0.321875 0.706250 0.329688 0.693750 0.337500 0.693750 0.348438 0.684375 0.360938 0.684375 0.365625 0.678125
0 0.376563 0.665625 0.376563 0.675000 0.379688 0.676562 0.403125 0.675000 0.403125 0.667188
0 0.368750 0.609375 0.393750 0.610938 0.393750 0.604688 0.385937 0.603125 0.384375 0.600000 0.370312 0.600000
0 0.554688 0.589063 0.554688 0.598437 0.562500 0.601562 0.564063 0.606250 0.575000 0.606250 0.575000 0.585938 0.559375 0.585938
0 0.545312 0.559375 0.517188 0.559375 0.501563 0.571875 0.500000 0.585938 0.493750 0.585938 0.490625 0.590625 0.476562 0.595313 0.471875 0.603125 0.460938 0.607812 0.453125 0.625000 0.443750 0.625000 0.437500 0.634375 0.418750 0.635938 0.417187 0.650000 0.421875 0.653125 0.440625 0.653125 0.454688 0.635938 0.456250 0.626563 0.462500 0.626563 0.475000 0.618750 0.484375 0.618750 0.484375 0.615625 0.489063 0.614062 0.495312 0.604688 0.498437 0.604688 0.498437 0.596875 0.504687 0.590625 0.514062 0.585938 0.534375 0.587500 0.534375 0.584375 0.539062 0.582812 0.539062 0.567187 0.545312 0.565625
0 0.554688 0.550000 0.554688 0.556250 0.568750 0.556250 0.589063 0.565625 0.587500 0.585938 0.601562 0.585938 0.603125 0.582812 0.614062 0.582812 0.617188 0.578125 0.635938 0.578125 0.637500 0.575000 0.656250 0.570312 0.671875 0.571875 0.678125 0.578125 0.692187 0.575000 0.704688 0.590625 0.704688 0.600000 0.745313 0.601562 0.754687 0.609375 0.764062 0.609375 0.775000 0.625000 0.781250 0.628125 0.810937 0.625000 0.820312 0.621875 0.829688 0.614062 0.856250 0.609375 0.860938 0.614062 0.879687 0.614062 0.885938 0.621875 0.903125 0.623437 0.915625 0.629687 0.918750 0.635938 0.942187 0.635938 0.964063 0.653125 0.973437 0.653125 0.985938 0.662500 0.998437 0.662500 0.998437 0.639062 0.992188 0.639062 0.985938 0.632812 0.967187 0.628125 0.942187 0.612500 0.926562 0.612500 0.910937 0.606250 0.900000 0.598437 0.895312 0.598437 0.890625 0.590625 0.875000 0.589063 0.873437 0.585938 0.862500 0.585938 0.856250 0.590625 0.837500 0.590625 0.831250 0.595313 0.801562 0.595313 0.793750 0.607812 0.787500 0.607812 0.778125 0.603125 0.767188 0.590625 0.751563 0.585938 0.742188 0.573438 0.731250 0.567187 0.731250 0.564063 0.718750 0.560937 0.714063 0.554688 0.703125 0.554688 0.700000 0.559375 0.681250 0.559375 0.671875 0.546875 0.640625 0.542188 0.637500 0.546875 0.625000 0.546875 0.617188 0.559375 0.590625 0.556250 0.578125 0.543750
0 0.209375 0.503125 0.200000 0.501563 0.195312 0.506250 0.179688 0.506250 0.175000 0.512500 0.173437 0.529687 0.198437 0.529687 0.209375 0.512500
0 0.523438 0.457813 0.515625 0.457813 0.515625 0.462500 0.510938 0.465625 0.510938 0.471875 0.506250 0.475000 0.506250 0.481250 0.501563 0.489063 0.503125 0.507812 0.507812 0.510938 0.517188 0.510938 0.529687 0.489063 0.526563 0.460938
0 0.025000 0.417187 0.025000 0.431250 0.034375 0.442188 0.043750 0.442188 0.048438 0.417187
0 0.507812 0.331250 0.503125 0.328125 0.490625 0.328125 0.489063 0.332813 0.471875 0.337500 0.471875 0.345313 0.464062 0.346875 0.462500 0.356250 0.448437 0.359375 0.448437 0.382812 0.475000 0.382812 0.484375 0.370312 0.489063 0.357812 0.493750 0.356250 0.500000 0.346875 0.507812 0.343750
0 0.303125 0.289062 0.284375 0.289062 0.276562 0.300000 0.271875 0.300000 0.271875 0.312500 0.278125 0.312500 0.281250 0.317188 0.292187 0.317188 0.295312 0.312500 0.300000 0.312500 0.300000 0.309375 0.304688 0.307812 0.306250 0.292187
0 0.742188 0.029687 0.735938 0.034375 0.735938 0.087500 0.740625 0.090625 0.740625 0.096875 0.764062 0.096875 0.767188 0.093750 0.768750 0.046875 0.764062 0.045312 0.762500 0.034375
0 0.659375 0.000000 0.656250 0.012500 0.659375 0.014063 0.667188 0.031250 0.689063 0.025000 0.689063 0.014063 0.681250 0.014063 0.678125 0.017188 0.670312 0.015625 0.673438 0.000000
