0 0.445312 0.740625 0.434375 0.739062 0.423438 0.753125 0.418750 0.750000 0.417187 0.743750 0.409375 0.745313 0.407813 0.757812 0.400000 0.776563 0.392188 0.784375 0.382812 0.785937 0.382812 0.806250 0.373437 0.825000 0.364063 0.829688 0.362500 0.840625 0.359375 0.842187 0.359375 0.857812 0.339062 0.864062 0.335938 0.871875 0.326562 0.871875 0.321875 0.879687 0.321875 0.885938 0.315625 0.889062 0.312500 0.904687 0.300000 0.909375 0.295312 0.917188 0.289062 0.917188 0.285938 0.925000 0.275000 0.926562 0.268750 0.940625 0.262500 0.943750 0.259375 0.951562 0.254688 0.951562 0.250000 0.962500 0.240625 0.970313 0.240625 0.998437 0.264062 0.998437 0.267188 0.992188 0.281250 0.979688 0.290625 0.964063 0.298438 0.960938 0.306250 0.953125 0.312500 0.953125 0.329688 0.926562 0.331250 0.917188 0.339062 0.912500 0.339062 0.907813 0.346875 0.898438 0.351562 0.898438 0.360938 0.876563 0.370312 0.868750 0.370312 0.864062 0.378125 0.856250 0.387500 0.856250 0.390625 0.851562 0.396875 0.851562 0.400000 0.848437 0.401562 0.831250 0.409375 0.825000 0.412500 0.812500 0.418750 0.807813 0.423438 0.790625 0.435937 0.781250 0.435937 0.765625 0.440625 0.759375 0.440625 0.751563 0.445312 0.746875
0 0.785937 0.565625 0.775000 0.564063 0.767188 0.576562 0.765625 0.587500 0.768750 0.596875 0.776563 0.596875 0.778125 0.589063 0.785937 0.587500
0 0.600000 0.550000 0.598437 0.565625 0.601562 0.570312 0.614062 0.570312 0.614062 0.567187 0.618750 0.565625 0.618750 0.556250 0.607812 0.553125 0.606250 0.550000
0 0.873437 0.521875 0.865625 0.521875 0.865625 0.526563 0.860938 0.531250 0.853125 0.531250 0.854688 0.545312 0.864062 0.545312 0.873437 0.539062
0 0.229687 0.456250 0.228125 0.481250 0.231250 0.485938 0.237500 0.485938 0.242188 0.482812 0.240625 0.456250
0 0.764062 0.332813 0.748437 0.329688 0.731250 0.337500 0.723437 0.351562 0.718750 0.342187 0.709375 0.342187 0.709375 0.356250 0.701562 0.360938 0.695312 0.373437 0.681250 0.368750 0.664062 0.385937 0.651563 0.389062 0.632812 0.410938 0.626563 0.439063 0.621875 0.443750 0.612500 0.445312 0.610938 0.451562 0.598437 0.457813 0.596875 0.465625 0.590625 0.468750 0.587500 0.496875 0.576562 0.503125 0.571875 0.542188 0.551562 0.542188 0.546875 0.562500 0.537500 0.575000 0.537500 0.587500 0.532813 0.590625 0.537500 0.606250 0.528125 0.610938 0.523438 0.600000 0.517188 0.600000 0.503125 0.620313 0.481250 0.628125 0.475000 0.640625 0.473438 0.671875 0.467187 0.684375 0.462500 0.689063 0.439063 0.696875 0.417187 0.717187 0.420312 0.742188 0.426563 0.742188 0.426563 0.731250 0.442188 0.721875 0.446875 0.710938 0.450000 0.714063 0.451562 0.728125 0.460938 0.731250 0.464062 0.725000 0.479687 0.714063 0.493750 0.673438 0.521875 0.650000 0.523438 0.640625 0.534375 0.635938 0.556250 0.614062 0.556250 0.604688 0.568750 0.596875 0.573438 0.567187 0.582812 0.556250 0.587500 0.540625 0.595313 0.534375 0.601562 0.503125 0.614062 0.498437 0.614062 0.490625 0.629687 0.475000 0.635938 0.475000 0.635938 0.462500 0.646875 0.457813 0.654687 0.446875 0.660937 0.418750 0.671875 0.414062 0.685937 0.396875 0.714063 0.392188 0.728125 0.378125 0.728125 0.367188 0.740625 0.353125 0.759375 0.351562 0.764062 0.346875
0 0.942187 0.268750 0.929688 0.267188 0.923438 0.271875 0.915625 0.271875 0.907813 0.264062 0.890625 0.264062 0.887500 0.271875 0.870313 0.276562 0.865625 0.282813 0.851562 0.281250 0.848437 0.285938 0.825000 0.287500 0.823438 0.292187 0.817187 0.290625 0.817187 0.279687 0.810937 0.279687 0.810937 0.289062 0.814063 0.293750 0.807813 0.298438 0.809375 0.309375 0.804688 0.310937 0.803125 0.306250 0.795312 0.306250 0.792188 0.315625 0.779687 0.315625 0.779687 0.323437 0.795312 0.331250 0.803125 0.331250 0.804688 0.326562 0.814063 0.325000 0.826562 0.317188 0.828125 0.309375 0.835938 0.303125 0.845313 0.303125 0.848437 0.307812 0.857812 0.307812 0.860938 0.312500 0.878125 0.312500 0.878125 0.301563 0.892188 0.292187 0.907813 0.293750 0.915625 0.282813 0.939063 0.281250 0.942187 0.276562
0 0.998437 0.218750 0.993750 0.231250 0.987500 0.232813 0.987500 0.239063 0.979688 0.240625 0.973437 0.229687 0.975000 0.215625 0.968750 0.215625 0.968750 0.226562 0.960938 0.231250 0.960938 0.256250 0.951562 0.257812 0.953125 0.268750 0.962500 0.270313 0.965625 0.264062 0.985938 0.264062 0.996875 0.254688
0 0.010937 0.181250 0.010937 0.201563 0.017188 0.201563 0.021875 0.198437 0.020313 0.181250
0 0.639062 0.010937 0.640625 0.031250 0.648438 0.031250 0.650000 0.010937
