0 0.762500 0.826562 0.762500 0.839063 0.765625 0.840625 0.760938 0.853125 0.762500 0.867188 0.776563 0.868750 0.779687 0.873437 0.807813 0.875000 0.815625 0.882812 0.820312 0.882812 0.823438 0.887500 0.831250 0.890625 0.848437 0.890625 0.857812 0.904687 0.865625 0.904687 0.868750 0.909375 0.893750 0.909375 0.898438 0.915625 0.895312 0.934375 0.900000 0.934375 0.915625 0.943750 0.921875 0.943750 0.925000 0.956250 0.939063 0.957812 0.942187 0.953125 0.948438 0.954688 0.956250 0.967187 0.964063 0.971875 0.964063 0.979688 0.973437 0.987500 0.982812 0.989062 0.987500 0.998437 0.998437 0.998437 0.998437 0.978125 0.992188 0.973437 0.984375 0.973437 0.965625 0.951562 0.943750 0.939063 0.934375 0.928125 0.935937 0.898438 0.926562 0.885938 0.879687 0.885938 0.875000 0.876563 0.867188 0.871875 0.857812 0.871875 0.854688 0.881250 0.846875 0.881250 0.834375 0.871875 0.834375 0.859375 0.831250 0.859375 0.825000 0.850000 0.818750 0.850000 0.812500 0.842187 0.804688 0.840625 0.795312 0.832812 0.787500 0.832812 0.775000 0.823438 0.765625 0.823438
0 0.407813 0.662500 0.407813 0.673438 0.437500 0.684375 0.443750 0.695312 0.451562 0.701562 0.471875 0.701562 0.475000 0.696875 0.520312 0.698438 0.528125 0.693750 0.542188 0.693750 0.550000 0.700000 0.550000 0.704688 0.546875 0.706250 0.548438 0.715625 0.610938 0.715625 0.615625 0.720313 0.628125 0.720313 0.651563 0.745313 0.659375 0.746875 0.670312 0.759375 0.673438 0.759375 0.676562 0.765625 0.687500 0.773438 0.693750 0.785937 0.698438 0.785937 0.712500 0.795312 0.715625 0.810937 0.737500 0.812500 0.740625 0.807813 0.754687 0.809375 0.754687 0.801562 0.748437 0.798438 0.737500 0.784375 0.726562 0.779687 0.706250 0.757812 0.700000 0.756250 0.692187 0.740625 0.678125 0.725000 0.654687 0.714063 0.643750 0.700000 0.625000 0.696875 0.618750 0.690625 0.603125 0.687500 0.600000 0.682813 0.590625 0.682813 0.587500 0.678125 0.570312 0.678125 0.568750 0.675000 0.546875 0.678125 0.545312 0.675000 0.520312 0.673438 0.518750 0.670312 0.500000 0.670312 0.479687 0.678125 0.456250 0.678125 0.435937 0.657813 0.414062 0.657813
0 0.334375 0.620313 0.337500 0.631250 0.348438 0.631250 0.350000 0.635938 0.371875 0.635938 0.376563 0.628125 0.384375 0.628125 0.385937 0.639062 0.401562 0.642188 0.404687 0.629687 0.414062 0.626563 0.414062 0.617188 0.403125 0.617188 0.400000 0.612500 0.392188 0.612500 0.389062 0.617188 0.382812 0.617188 0.378125 0.607812 0.368750 0.600000 0.360938 0.600000 0.357812 0.607812 0.351562 0.607812 0.348438 0.617188
0 0.443750 0.589063 0.437500 0.589063 0.426563 0.600000 0.426563 0.609375 0.434375 0.609375 0.446875 0.600000
0 0.000000 0.576562 0.000000 0.604688 0.031250 0.600000 0.037500 0.604688 0.056250 0.604688 0.068750 0.614062 0.090625 0.618750 0.100000 0.618750 0.103125 0.614062 0.110937 0.614062 0.114062 0.617188 0.123438 0.617188 0.125000 0.614062 0.132812 0.614062 0.135937 0.617188 0.170313 0.614062 0.173437 0.618750 0.190625 0.618750 0.193750 0.623437 0.207813 0.623437 0.210938 0.626563 0.232813 0.626563 0.234375 0.623437 0.253125 0.621875 0.264062 0.631250 0.270313 0.631250 0.279687 0.643750 0.285938 0.643750 0.290625 0.631250 0.301563 0.631250 0.304688 0.626563 0.310937 0.629687 0.310937 0.635938 0.317188 0.635938 0.320312 0.631250 0.325000 0.631250 0.323437 0.623437 0.312500 0.620313 0.310937 0.604688 0.300000 0.598437 0.284375 0.598437 0.278125 0.603125 0.278125 0.612500 0.271875 0.615625 0.268750 0.606250 0.259375 0.600000 0.259375 0.595313 0.243750 0.595313 0.237500 0.590625 0.217188 0.590625 0.214062 0.598437 0.193750 0.598437 0.192188 0.595313 0.184375 0.595313 0.181250 0.590625 0.173437 0.590625 0.170313 0.593750 0.128125 0.595313 0.121875 0.590625 0.100000 0.590625 0.092188 0.581250 0.082812 0.581250 0.075000 0.573438 0.010937 0.571875 0.006250 0.576562
0 0.334375 0.568750 0.328125 0.568750 0.326562 0.571875 0.303125 0.573438 0.303125 0.585938 0.307812 0.596875 0.318750 0.596875 0.331250 0.589063 0.334375 0.581250
0 0.378125 0.576562 0.378125 0.587500 0.401562 0.585938 0.403125 0.579688 0.412500 0.573438 0.428125 0.576562 0.442188 0.575000 0.442188 0.564063 0.450000 0.560937 0.467187 0.568750 0.465625 0.578125 0.460938 0.581250 0.459375 0.592187 0.465625 0.598437 0.475000 0.596875 0.478125 0.592187 0.514062 0.592187 0.518750 0.596875 0.534375 0.596875 0.539062 0.592187 0.550000 0.601562 0.559375 0.601562 0.564063 0.592187 0.568750 0.600000 0.592187 0.601562 0.598437 0.600000 0.603125 0.592187 0.609375 0.592187 0.614062 0.587500 0.614062 0.581250 0.609375 0.578125 0.585938 0.579688 0.578125 0.573438 0.567187 0.573438 0.557813 0.581250 0.553125 0.581250 0.548438 0.573438 0.517188 0.571875 0.515625 0.568750 0.506250 0.568750 0.482812 0.581250 0.471875 0.564063 0.471875 0.546875 0.467187 0.540625 0.440625 0.542188 0.432812 0.550000 0.421875 0.551562 0.418750 0.554688 0.395313 0.554688 0.392188 0.565625
0 0.592187 0.264062 0.581250 0.262500 0.575000 0.267188 0.565625 0.267188 0.560937 0.275000 0.556250 0.275000 0.556250 0.284375 0.573438 0.285938 0.585938 0.281250 0.592187 0.273438
0 0.678125 0.201563 0.678125 0.229687 0.698438 0.231250 0.700000 0.207813 0.692187 0.201563
0 0.371875 0.178125 0.368750 0.181250 0.368750 0.189062 0.373437 0.193750 0.376563 0.206250 0.384375 0.210938 0.385937 0.215625 0.396875 0.215625 0.400000 0.220312 0.407813 0.220312 0.406250 0.201563 0.389062 0.190625 0.387500 0.182812 0.379688 0.178125
