0 0.392188 0.585938 0.385937 0.585938 0.385937 0.592187 0.382812 0.593750 0.385937 0.607812 0.373437 0.618750 0.364063 0.657813 0.354687 0.668750 0.351562 0.679688 0.337500 0.692187 0.337500 0.734375 0.332813 0.737500 0.332813 0.754687 0.325000 0.762500 0.323437 0.771875 0.318750 0.775000 0.318750 0.787500 0.309375 0.793750 0.298438 0.810937 0.296875 0.857812 0.289062 0.868750 0.276562 0.873437 0.275000 0.890625 0.267188 0.898438 0.267188 0.912500 0.271875 0.915625 0.271875 0.939063 0.262500 0.943750 0.256250 0.956250 0.250000 0.956250 0.250000 0.978125 0.245312 0.981250 0.245312 0.990625 0.240625 0.993750 0.240625 0.998437 0.257812 0.998437 0.264062 0.979688 0.273438 0.973437 0.273438 0.960938 0.281250 0.953125 0.282813 0.946875 0.281250 0.912500 0.287500 0.904687 0.289062 0.895312 0.303125 0.882812 0.307812 0.882812 0.309375 0.868750 0.312500 0.865625 0.312500 0.826562 0.326562 0.810937 0.328125 0.798438 0.334375 0.787500 0.334375 0.779687 0.343750 0.773438 0.350000 0.748437 0.353125 0.706250 0.365625 0.701562 0.370312 0.695312 0.375000 0.673438 0.387500 0.657813 0.390625 0.639062 0.398438 0.635938 0.401562 0.600000 0.392188 0.593750
0 0.935937 0.421875 0.934375 0.445312 0.940625 0.445312 0.945312 0.440625 0.948438 0.426563 0.945312 0.426563 0.943750 0.421875
0 0.398438 0.403125 0.396875 0.410938 0.400000 0.426563 0.396875 0.442188 0.404687 0.448437 0.404687 0.481250 0.400000 0.487500 0.398438 0.528125 0.395313 0.531250 0.395313 0.545312 0.390625 0.548438 0.390625 0.582812 0.409375 0.582812 0.409375 0.553125 0.414062 0.550000 0.414062 0.523438 0.418750 0.518750 0.418750 0.473438 0.423438 0.470313 0.426563 0.448437 0.417187 0.448437 0.409375 0.439063 0.409375 0.407813 0.406250 0.403125
0 0.143750 0.267188 0.135937 0.267188 0.134375 0.271875 0.118750 0.271875 0.117188 0.267188 0.101562 0.267188 0.098437 0.275000 0.082812 0.275000 0.070312 0.284375 0.050000 0.285938 0.048438 0.292187 0.025000 0.292187 0.018750 0.296875 0.010937 0.310937 0.000000 0.315625 0.000000 0.331250 0.006250 0.331250 0.017188 0.321875 0.026562 0.321875 0.026562 0.318750 0.031250 0.317188 0.031250 0.310937 0.037500 0.304688 0.043750 0.303125 0.067187 0.304688 0.068750 0.312500 0.084375 0.312500 0.085938 0.289062 0.089063 0.289062 0.090625 0.293750 0.098437 0.293750 0.101562 0.290625 0.112500 0.290625 0.115625 0.282813 0.137500 0.281250 0.143750 0.275000
0 0.210938 0.223438 0.203125 0.223438 0.200000 0.231250 0.193750 0.231250 0.190625 0.234375 0.189062 0.245312 0.182812 0.243750 0.182812 0.235937 0.178125 0.228125 0.170313 0.228125 0.170313 0.234375 0.165625 0.240625 0.165625 0.253125 0.160938 0.256250 0.160938 0.268750 0.203125 0.259375 0.209375 0.250000
0 0.264062 0.160938 0.257812 0.160938 0.251563 0.165625 0.250000 0.173437 0.240625 0.176563 0.240625 0.187500 0.235937 0.190625 0.234375 0.209375 0.223438 0.217188 0.223438 0.246875 0.229687 0.246875 0.229687 0.237500 0.237500 0.235937 0.237500 0.209375 0.242188 0.207813 0.242188 0.201563 0.248438 0.193750 0.253125 0.195312 0.251563 0.210938 0.257812 0.210938 0.264062 0.203125 0.276562 0.203125 0.273438 0.187500 0.264062 0.184375
0 0.551562 0.145313 0.543750 0.146875 0.543750 0.153125 0.537500 0.157812 0.532813 0.168750 0.506250 0.192188 0.503125 0.204687 0.492188 0.207813 0.479687 0.223438 0.479687 0.234375 0.470313 0.239063 0.464062 0.248438 0.464062 0.264062 0.468750 0.267188 0.470313 0.290625 0.462500 0.301563 0.446875 0.301563 0.443750 0.298438 0.445312 0.271875 0.453125 0.254688 0.453125 0.245312 0.448437 0.242188 0.448437 0.235937 0.443750 0.231250 0.435937 0.231250 0.435937 0.237500 0.439063 0.239063 0.439063 0.271875 0.434375 0.276562 0.434375 0.320312 0.443750 0.321875 0.448437 0.307812 0.456250 0.317188 0.456250 0.326562 0.451562 0.332813 0.450000 0.342187 0.451562 0.385937 0.457813 0.385937 0.459375 0.354687 0.462500 0.351562 0.462500 0.328125 0.479687 0.306250 0.481250 0.262500 0.489063 0.259375 0.489063 0.254688 0.493750 0.251563 0.493750 0.245312 0.500000 0.240625 0.506250 0.228125 0.517188 0.218750 0.517188 0.206250 0.521875 0.198437 0.529687 0.193750 0.535937 0.184375 0.539062 0.184375 0.539062 0.176563 0.543750 0.167187 0.551562 0.162500
0 0.326562 0.121875 0.320312 0.135937 0.320312 0.146875 0.323437 0.150000 0.334375 0.150000 0.339062 0.123438
0 0.317188 0.050000 0.306250 0.050000 0.296875 0.067187 0.287500 0.068750 0.284375 0.073438 0.284375 0.084375 0.279687 0.089063 0.279687 0.104688 0.270313 0.106250 0.264062 0.112500 0.264062 0.118750 0.267188 0.121875 0.279687 0.123438 0.279687 0.135937 0.290625 0.137500 0.290625 0.092188 0.295312 0.090625 0.296875 0.082812 0.307812 0.082812 0.309375 0.073438 0.317188 0.070312 0.317188 0.062500 0.320312 0.060937 0.320312 0.053125
0 0.706250 0.000000 0.682813 0.000000 0.681250 0.010937 0.668750 0.015625 0.660937 0.025000 0.653125 0.025000 0.634375 0.042188 0.634375 0.048438 0.631250 0.051562 0.626563 0.051562 0.604688 0.064062 0.592187 0.078125 0.582812 0.079687 0.573438 0.095312 0.553125 0.095312 0.539062 0.112500 0.532813 0.114062 0.531250 0.123438 0.548438 0.123438 0.550000 0.131250 0.556250 0.135937 0.570312 0.134375 0.570312 0.118750 0.578125 0.106250 0.592187 0.104688 0.593750 0.101562 0.604688 0.101562 0.621875 0.075000 0.631250 0.075000 0.634375 0.070312 0.639062 0.075000 0.646875 0.075000 0.653125 0.070312 0.653125 0.060937 0.662500 0.056250 0.662500 0.051562 0.667188 0.048438 0.667188 0.042188 0.692187 0.021875 0.701562 0.021875 0.701562 0.017188 0.706250 0.012500
0 0.414062 0.000000 0.390625 0.000000 0.389062 0.015625 0.373437 0.017188 0.370312 0.020313 0.373437 0.050000 0.368750 0.053125 0.368750 0.059375 0.362500 0.065625 0.364063 0.084375 0.360938 0.087500 0.346875 0.089063 0.346875 0.101562 0.342187 0.106250 0.342187 0.114062 0.353125 0.115625 0.357812 0.109375 0.365625 0.106250 0.365625 0.100000 0.373437 0.092188 0.375000 0.081250 0.379688 0.075000 0.379688 0.060937 0.392188 0.056250 0.396875 0.026562 0.400000 0.025000 0.401562 0.018750 0.410938 0.012500
