0 0.482812 0.965625 0.482812 0.979688 0.485938 0.979688 0.487500 0.984375 0.503125 0.984375 0.504687 0.979688 0.512500 0.979688 0.515625 0.967187 0.520312 0.968750 0.520312 0.984375 0.526563 0.984375 0.528125 0.967187 0.534375 0.968750 0.534375 0.984375 0.540625 0.984375 0.540625 0.965625 0.537500 0.965625 0.535937 0.960938 0.485938 0.960938
0 0.468750 0.960938 0.468750 0.964063 0.464062 0.965625 0.464062 0.979688 0.467187 0.979688 0.468750 0.984375 0.479687 0.984375 0.479687 0.978125 0.470313 0.976562 0.470313 0.968750 0.479687 0.967187 0.479687 0.960938
0 0.695312 0.984375 0.707812 0.984375 0.712500 0.979688 0.717187 0.979688 0.718750 0.984375 0.732812 0.984375 0.737500 0.976562 0.750000 0.976562 0.751563 0.981250 0.764062 0.979688 0.765625 0.984375 0.779687 0.984375 0.781250 0.978125 0.784375 0.976562 0.784375 0.960938 0.776563 0.953125 0.767188 0.953125 0.765625 0.956250 0.750000 0.953125 0.746875 0.959375 0.742188 0.960938 0.742188 0.965625 0.735938 0.967187 0.729688 0.964063 0.729688 0.953125 0.723437 0.953125 0.723437 0.959375 0.718750 0.960938 0.718750 0.967187 0.712500 0.968750 0.710938 0.965625 0.704688 0.965625 0.704688 0.976562 0.695312 0.978125
0 0.650000 0.953125 0.650000 0.970313 0.659375 0.971875 0.657813 0.978125 0.650000 0.978125 0.650000 0.984375 0.660937 0.984375 0.662500 0.979688 0.671875 0.979688 0.673438 0.984375 0.687500 0.984375 0.690625 0.973437 0.687500 0.970313 0.689063 0.957812 0.685937 0.953125 0.673438 0.953125 0.673438 0.959375 0.681250 0.960938 0.681250 0.978125 0.675000 0.976562 0.675000 0.970313 0.667188 0.970313 0.665625 0.965625 0.656250 0.964063 0.656250 0.960938 0.660937 0.959375 0.660937 0.953125
0 0.576562 0.984375 0.596875 0.984375 0.598437 0.976562 0.610938 0.976562 0.612500 0.984375 0.618750 0.984375 0.620313 0.978125 0.625000 0.978125 0.626563 0.984375 0.642188 0.984375 0.642188 0.978125 0.646875 0.976562 0.646875 0.970313 0.637500 0.964063 0.637500 0.953125 0.631250 0.953125 0.631250 0.959375 0.626563 0.960938 0.625000 0.965625 0.618750 0.964063 0.618750 0.953125 0.612500 0.953125 0.609375 0.956250 0.609375 0.962500 0.612500 0.964063 0.610938 0.970313 0.607812 0.970313 0.606250 0.965625 0.596875 0.964063 0.595313 0.953125 0.581250 0.953125 0.581250 0.959375 0.589063 0.960938 0.589063 0.968750 0.576562 0.978125
0 0.218750 0.962500 0.218750 0.971875 0.228125 0.973437 0.225000 0.978125 0.220312 0.978125 0.220312 0.984375 0.243750 0.982812 0.243750 0.973437 0.246875 0.970313 0.251563 0.973437 0.251563 0.984375 0.257812 0.984375 0.260937 0.979688 0.265625 0.984375 0.281250 0.984375 0.284375 0.979688 0.287500 0.984375 0.312500 0.984375 0.312500 0.978125 0.292187 0.978125 0.292187 0.967187 0.314063 0.967187 0.315625 0.979688 0.320312 0.984375 0.331250 0.984375 0.331250 0.978125 0.323437 0.975000 0.326562 0.971875 0.337500 0.971875 0.339062 0.984375 0.345313 0.984375 0.345313 0.970313 0.350000 0.967187 0.353125 0.971875 0.362500 0.973437 0.359375 0.978125 0.353125 0.978125 0.353125 0.984375 0.368750 0.984375 0.365625 0.960938 0.339062 0.960938 0.334375 0.965625 0.331250 0.960938 0.292187 0.960938 0.290625 0.957812 0.284375 0.957812 0.281250 0.960938 0.275000 0.960938 0.273438 0.978125 0.267188 0.975000 0.267188 0.960938 0.246875 0.960938 0.243750 0.953125 0.237500 0.953125 0.234375 0.960938
0 0.446875 0.960938 0.439063 0.960938 0.437500 0.951562 0.431250 0.951562 0.429688 0.978125 0.418750 0.976562 0.418750 0.968750 0.425000 0.967187 0.425000 0.960938 0.414062 0.960938 0.410938 0.965625 0.406250 0.965625 0.404687 0.960938 0.390625 0.960938 0.390625 0.964063 0.385937 0.965625 0.385937 0.976562 0.376563 0.978125 0.376563 0.984375 0.404687 0.984375 0.407813 0.979688 0.412500 0.979688 0.414062 0.984375 0.437500 0.984375 0.439063 0.981250 0.446875 0.981250 0.446875 0.973437 0.442188 0.971875 0.442188 0.968750 0.446875 0.967187
0 0.000000 0.921875 0.000000 0.928125 0.081250 0.928125 0.081250 0.921875
0 0.109375 0.918750 0.109375 0.928125 0.115625 0.928125 0.121875 0.920312 0.126562 0.921875 0.126562 0.928125 0.143750 0.925000 0.142187 0.914062 0.135937 0.914062 0.134375 0.921875 0.129688 0.920312 0.129688 0.914062
0 0.307812 0.746875 0.298438 0.746875 0.296875 0.751563 0.284375 0.751563 0.282813 0.754687 0.270313 0.756250 0.270313 0.773438 0.276562 0.773438 0.278125 0.765625 0.285938 0.765625 0.287500 0.762500 0.304688 0.756250 0.307812 0.753125
0 0.364063 0.721875 0.357812 0.721875 0.356250 0.725000 0.343750 0.725000 0.343750 0.734375 0.362500 0.731250
0 0.446875 0.678125 0.443750 0.678125 0.439063 0.671875 0.439063 0.665625 0.426563 0.665625 0.417187 0.678125 0.407813 0.678125 0.407813 0.685937 0.403125 0.690625 0.395313 0.690625 0.392188 0.695312 0.381250 0.695312 0.378125 0.706250 0.403125 0.704688 0.404687 0.701562 0.410938 0.701562 0.418750 0.696875 0.420312 0.689063 0.428125 0.687500 0.429688 0.684375 0.446875 0.684375
0 0.496875 0.631250 0.490625 0.631250 0.478125 0.643750 0.471875 0.643750 0.471875 0.653125 0.484375 0.653125 0.496875 0.640625
0 0.592187 0.567187 0.585938 0.567187 0.584375 0.570312 0.567187 0.570312 0.567187 0.573438 0.562500 0.575000 0.562500 0.581250 0.568750 0.581250 0.570312 0.576562 0.590625 0.576562
0 0.598437 0.535937 0.598437 0.542188 0.618750 0.542188 0.618750 0.532813 0.604688 0.532813 0.603125 0.535937
0 0.651563 0.506250 0.635938 0.510938 0.635938 0.514062 0.631250 0.515625 0.631250 0.525000 0.642188 0.525000 0.642188 0.521875 0.646875 0.520312 0.646875 0.514062 0.651563 0.512500
0 0.690625 0.459375 0.706250 0.459375 0.709375 0.454688 0.715625 0.454688 0.726562 0.446875 0.734375 0.446875 0.739062 0.442188 0.760938 0.440625 0.764062 0.434375 0.782813 0.437500 0.787500 0.442188 0.826562 0.442188 0.832812 0.437500 0.870313 0.437500 0.875000 0.442188 0.881250 0.442188 0.884375 0.437500 0.895312 0.437500 0.898438 0.442188 0.914062 0.442188 0.917188 0.437500 0.934375 0.437500 0.939063 0.442188 0.978125 0.442188 0.978125 0.432812 0.951562 0.432812 0.945312 0.435937 0.940625 0.431250 0.903125 0.432812 0.873437 0.431250 0.871875 0.428125 0.840625 0.432812 0.817187 0.432812 0.801562 0.428125 0.798438 0.423438 0.768750 0.423438 0.764062 0.431250 0.760938 0.426563 0.750000 0.426563 0.743750 0.431250 0.737500 0.431250 0.732812 0.437500 0.720313 0.443750 0.715625 0.437500 0.707812 0.435937 0.706250 0.432812 0.696875 0.432812 0.700000 0.446875 0.690625 0.453125
0 0.637500 0.389062 0.637500 0.395313 0.650000 0.404687 0.654687 0.418750 0.659375 0.420312 0.659375 0.425000 0.668750 0.425000 0.668750 0.418750 0.660937 0.414062 0.660937 0.409375 0.656250 0.407813 0.656250 0.398438 0.653125 0.398438 0.645312 0.389062
0 0.482812 0.273438 0.482812 0.279687 0.487500 0.281250 0.487500 0.287500 0.492188 0.287500 0.493750 0.292187 0.500000 0.292187 0.501563 0.296875 0.514062 0.304688 0.515625 0.309375 0.532813 0.321875 0.545312 0.321875 0.560937 0.329688 0.562500 0.337500 0.571875 0.343750 0.571875 0.348438 0.581250 0.360938 0.596875 0.368750 0.598437 0.373437 0.606250 0.373437 0.612500 0.378125 0.620313 0.378125 0.621875 0.382812 0.628125 0.382812 0.628125 0.376563 0.623437 0.375000 0.618750 0.364063 0.603125 0.362500 0.593750 0.350000 0.587500 0.350000 0.578125 0.337500 0.575000 0.337500 0.573438 0.332813 0.564063 0.326562 0.564063 0.320312 0.532813 0.310937 0.517188 0.295312 0.506250 0.290625 0.504687 0.285938 0.498437 0.285938 0.489063 0.273438
0 0.232813 0.204687 0.232813 0.210938 0.256250 0.214062 0.260937 0.218750 0.271875 0.218750 0.275000 0.223438 0.290625 0.223438 0.298438 0.231250 0.314063 0.231250 0.317188 0.235937 0.332813 0.235937 0.337500 0.240625 0.350000 0.240625 0.357812 0.231250 0.365625 0.228125 0.389062 0.231250 0.400000 0.240625 0.406250 0.240625 0.423438 0.253125 0.428125 0.253125 0.445312 0.270313 0.460938 0.270313 0.464062 0.275000 0.475000 0.275000 0.475000 0.268750 0.468750 0.268750 0.465625 0.264062 0.457813 0.264062 0.450000 0.246875 0.437500 0.245312 0.431250 0.234375 0.421875 0.234375 0.418750 0.229687 0.412500 0.229687 0.400000 0.221875 0.384375 0.221875 0.376563 0.217188 0.371875 0.209375 0.362500 0.209375 0.362500 0.214062 0.354687 0.221875 0.343750 0.225000 0.339062 0.229687 0.332813 0.229687 0.328125 0.225000 0.307812 0.225000 0.306250 0.221875 0.295312 0.221875 0.292187 0.217188 0.279687 0.217188 0.276562 0.212500 0.254688 0.209375 0.251563 0.204687
0 0.187500 0.200000 0.187500 0.206250 0.229687 0.206250 0.229687 0.200000
0 0.000000 0.092188 0.000000 0.103125 0.018750 0.110937 0.029687 0.123438 0.026562 0.126562 0.026562 0.132812 0.031250 0.137500 0.037500 0.137500 0.040625 0.142187 0.065625 0.142187 0.071875 0.150000 0.078125 0.150000 0.084375 0.154688 0.106250 0.154688 0.109375 0.159375 0.109375 0.167187 0.117188 0.171875 0.121875 0.179688 0.126562 0.179688 0.129688 0.184375 0.137500 0.184375 0.146875 0.193750 0.154688 0.196875 0.164062 0.196875 0.168750 0.201563 0.184375 0.201563 0.184375 0.195312 0.160938 0.192188 0.156250 0.187500 0.150000 0.187500 0.134375 0.171875 0.121875 0.170313 0.120313 0.162500 0.115625 0.159375 0.115625 0.153125 0.110937 0.148438 0.089063 0.148438 0.087500 0.145313 0.079687 0.143750 0.068750 0.131250 0.064062 0.131250 0.059375 0.125000 0.048438 0.121875 0.040625 0.114062 0.034375 0.114062 0.021875 0.101562 0.017188 0.101562 0.010937 0.092188
