0 0.820312 0.837500 0.807813 0.837500 0.806250 0.840625 0.795312 0.842187 0.784375 0.850000 0.784375 0.882812 0.787500 0.887500 0.795312 0.887500 0.798438 0.884375 0.806250 0.887500 0.825000 0.887500 0.825000 0.876563 0.820312 0.873437 0.825000 0.865625
0 0.000000 0.709375 0.000000 0.734375 0.009375 0.732812 0.010937 0.728125 0.043750 0.728125 0.043750 0.721875 0.040625 0.718750 0.010937 0.718750 0.006250 0.709375
0 0.126562 0.704688 0.126562 0.723437 0.142187 0.725000 0.143750 0.717187 0.139063 0.706250
0 0.170313 0.696875 0.182812 0.698438 0.179688 0.710938 0.187500 0.723437 0.198437 0.725000 0.200000 0.728125 0.218750 0.728125 0.225000 0.723437 0.225000 0.707812 0.251563 0.706250 0.251563 0.700000 0.262500 0.696875 0.264062 0.690625 0.268750 0.689063 0.268750 0.678125 0.260937 0.678125 0.248438 0.692187 0.242188 0.692187 0.237500 0.687500 0.217188 0.687500 0.214062 0.696875 0.200000 0.696875 0.189062 0.687500 0.189062 0.675000 0.182812 0.675000 0.173437 0.681250
0 0.998437 0.625000 0.879687 0.600000 0.848437 0.603125 0.812500 0.582812 0.760938 0.581250 0.725000 0.593750 0.712500 0.585938 0.682813 0.585938 0.656250 0.559375 0.607812 0.559375 0.596875 0.573438 0.571875 0.581250 0.525000 0.567187 0.512500 0.581250 0.471875 0.578125 0.451562 0.585938 0.434375 0.603125 0.365625 0.607812 0.348438 0.617188 0.235937 0.612500 0.225000 0.639062 0.198437 0.639062 0.179688 0.650000 0.184375 0.665625 0.226562 0.660937 0.239063 0.646875 0.251563 0.653125 0.253125 0.640625 0.260937 0.643750 0.264062 0.657813 0.279687 0.651563 0.306250 0.657813 0.304688 0.646875 0.317188 0.634375 0.339062 0.645312 0.343750 0.634375 0.356250 0.640625 0.390625 0.640625 0.410938 0.628125 0.453125 0.626563 0.462500 0.614062 0.482812 0.621875 0.489063 0.614062 0.509375 0.614062 0.528125 0.582812 0.568750 0.603125 0.556250 0.628125 0.521875 0.629687 0.521875 0.635938 0.534375 0.640625 0.576562 0.634375 0.600000 0.617188 0.603125 0.589063 0.648438 0.587500 0.681250 0.604688 0.729688 0.601562 0.739062 0.614062 0.770312 0.614062 0.784375 0.606250 0.842187 0.610938 0.845313 0.626563 0.856250 0.631250 0.901563 0.628125 0.970313 0.648438 0.998437 0.643750
0 0.517188 0.156250 0.492188 0.157812 0.490625 0.173437 0.495312 0.179688 0.490625 0.181250 0.489063 0.189062 0.481250 0.193750 0.481250 0.203125 0.490625 0.203125 0.492188 0.195312 0.496875 0.193750 0.501563 0.184375 0.526563 0.176563 0.526563 0.170313 0.521875 0.167187
0 0.412500 0.153125 0.409375 0.156250 0.412500 0.182812 0.426563 0.184375 0.432812 0.176563 0.435937 0.176563 0.435937 0.165625 0.431250 0.164062 0.429688 0.157812 0.425000 0.156250 0.423438 0.151562
0 0.771875 0.059375 0.768750 0.056250 0.757812 0.056250 0.756250 0.059375 0.737500 0.060937 0.728125 0.068750 0.712500 0.068750 0.709375 0.076563 0.704688 0.079687 0.704688 0.084375 0.696875 0.085938 0.696875 0.092188 0.703125 0.092188 0.704688 0.096875 0.714063 0.096875 0.715625 0.093750 0.728125 0.092188 0.743750 0.079687 0.767188 0.079687 0.771875 0.070312
0 0.020313 0.060937 0.020313 0.070312 0.040625 0.070312 0.040625 0.059375 0.037500 0.056250 0.028125 0.056250
0 0.857812 0.009375 0.857812 0.017188 0.862500 0.026562 0.868750 0.028125 0.873437 0.035937 0.893750 0.034375 0.900000 0.028125 0.909375 0.026562 0.909375 0.014063 0.900000 0.010937 0.898438 0.007812 0.862500 0.006250
0 0.281250 0.000000 0.279687 0.018750 0.282813 0.026562 0.287500 0.026562 0.289062 0.031250 0.309375 0.031250 0.309375 0.028125 0.317188 0.021875 0.317188 0.012500 0.306250 0.003125 0.290625 0.003125 0.289062 0.000000
