0 0.998437 0.965625 0.990625 0.968750 0.989062 0.973437 0.981250 0.973437 0.978125 0.978125 0.968750 0.978125 0.956250 0.985938 0.942187 0.987500 0.931250 0.995313 0.884375 0.995313 0.873437 0.987500 0.846875 0.985938 0.837500 0.987500 0.826562 0.995313 0.818750 0.995313 0.818750 0.998437 0.998437 0.998437
0 0.107813 0.832812 0.089063 0.832812 0.087500 0.837500 0.073438 0.837500 0.071875 0.843750 0.057813 0.843750 0.056250 0.851562 0.068750 0.851562 0.070312 0.856250 0.081250 0.856250 0.082812 0.845313 0.089063 0.843750 0.100000 0.853125 0.100000 0.856250 0.106250 0.856250 0.110937 0.851562
0 0.000000 0.779687 0.000000 0.834375 0.006250 0.834375 0.009375 0.839063 0.023438 0.839063 0.029687 0.848437 0.043750 0.848437 0.048438 0.845313 0.048438 0.831250 0.045312 0.831250 0.043750 0.826562 0.026562 0.821875 0.026562 0.806250 0.035937 0.800000 0.035937 0.790625 0.026562 0.785937 0.026562 0.779687
0 0.534375 0.698438 0.528125 0.698438 0.518750 0.714063 0.518750 0.725000 0.523438 0.725000 0.525000 0.729688 0.506250 0.737500 0.504687 0.745313 0.520312 0.743750 0.526563 0.732812 0.534375 0.732812 0.534375 0.725000 0.531250 0.723437 0.531250 0.715625 0.534375 0.714063
0 0.646875 0.650000 0.621875 0.651563 0.621875 0.660937 0.629687 0.660937 0.631250 0.667188 0.643750 0.665625 0.648438 0.662500
0 0.562500 0.604688 0.542188 0.604688 0.535937 0.620313 0.515625 0.629687 0.512500 0.639062 0.501563 0.634375 0.496875 0.645312 0.489063 0.639062 0.473438 0.639062 0.459375 0.657813 0.446875 0.665625 0.417187 0.665625 0.410938 0.673438 0.385937 0.673438 0.382812 0.678125 0.376563 0.678125 0.370312 0.692187 0.356250 0.695312 0.353125 0.703125 0.346875 0.695312 0.334375 0.696875 0.326562 0.703125 0.326562 0.710938 0.332813 0.710938 0.335938 0.714063 0.323437 0.717187 0.315625 0.731250 0.298438 0.734375 0.292187 0.732812 0.296875 0.726562 0.312500 0.720313 0.312500 0.714063 0.296875 0.709375 0.279687 0.718750 0.246875 0.721875 0.246875 0.729688 0.235937 0.735938 0.235937 0.746875 0.225000 0.753125 0.220312 0.760938 0.201563 0.757812 0.187500 0.762500 0.181250 0.751563 0.173437 0.750000 0.160938 0.760938 0.160938 0.770312 0.173437 0.775000 0.162500 0.789062 0.146875 0.796875 0.101562 0.796875 0.101562 0.803125 0.135937 0.823438 0.126562 0.837500 0.126562 0.851562 0.132812 0.856250 0.153125 0.856250 0.159375 0.851562 0.159375 0.821875 0.179688 0.785937 0.210938 0.781250 0.209375 0.792188 0.196875 0.796875 0.196875 0.807813 0.221875 0.807813 0.234375 0.793750 0.234375 0.785937 0.225000 0.782813 0.235937 0.764062 0.239063 0.767188 0.239063 0.773438 0.245312 0.773438 0.250000 0.764062 0.285938 0.771875 0.301563 0.759375 0.317188 0.759375 0.342187 0.737500 0.359375 0.742188 0.381250 0.723437 0.395313 0.723437 0.396875 0.709375 0.400000 0.706250 0.410938 0.703125 0.423438 0.706250 0.437500 0.695312 0.493750 0.684375 0.498437 0.675000 0.515625 0.670312 0.534375 0.670312 0.545312 0.637500 0.550000 0.632812 0.557813 0.631250 0.556250 0.615625
0 0.634375 0.585938 0.634375 0.596875 0.646875 0.596875 0.651563 0.606250 0.664062 0.615625 0.664062 0.635938 0.675000 0.646875 0.673438 0.662500 0.684375 0.662500 0.692187 0.653125 0.704688 0.656250 0.706250 0.651563 0.745313 0.653125 0.750000 0.650000 0.754687 0.657813 0.767188 0.657813 0.770312 0.662500 0.798438 0.662500 0.803125 0.671875 0.810937 0.671875 0.815625 0.662500 0.821875 0.662500 0.832812 0.668750 0.834375 0.676562 0.842187 0.679688 0.856250 0.679688 0.860938 0.671875 0.867188 0.671875 0.870313 0.679688 0.890625 0.681250 0.895312 0.689063 0.909375 0.689063 0.917188 0.701562 0.928125 0.701562 0.932813 0.695312 0.937500 0.706250 0.948438 0.706250 0.951562 0.701562 0.956250 0.706250 0.970313 0.706250 0.973437 0.700000 0.979688 0.696875 0.979688 0.690625 0.989062 0.687500 0.989062 0.679688 0.982812 0.676562 0.979688 0.670312 0.954688 0.673438 0.953125 0.670312 0.937500 0.668750 0.929688 0.660937 0.918750 0.660937 0.915625 0.664062 0.910937 0.660937 0.889062 0.660937 0.882812 0.656250 0.881250 0.648438 0.871875 0.648438 0.864062 0.660937 0.856250 0.660937 0.851562 0.654687 0.851562 0.640625 0.842187 0.634375 0.820312 0.634375 0.817187 0.629687 0.806250 0.629687 0.798438 0.625000 0.781250 0.625000 0.767188 0.617188 0.734375 0.618750 0.734375 0.626563 0.728125 0.629687 0.723437 0.626563 0.723437 0.621875 0.714063 0.621875 0.710938 0.612500 0.706250 0.612500 0.701562 0.603125 0.696875 0.603125 0.695312 0.600000 0.664062 0.600000 0.650000 0.581250 0.639062 0.581250
0 0.606250 0.550000 0.592187 0.537500 0.573438 0.537500 0.573438 0.557813 0.565625 0.559375 0.559375 0.568750 0.550000 0.573438 0.546875 0.578125 0.546875 0.587500 0.575000 0.587500 0.576562 0.582812 0.590625 0.581250 0.590625 0.573438 0.606250 0.557813
0 0.351562 0.401562 0.357812 0.406250 0.365625 0.406250 0.375000 0.400000 0.375000 0.390625 0.353125 0.390625
0 0.118750 0.343750 0.118750 0.351562 0.129688 0.351562 0.131250 0.356250 0.140625 0.364063 0.146875 0.364063 0.146875 0.354687 0.140625 0.343750 0.134375 0.343750 0.131250 0.348438 0.128125 0.348438 0.126562 0.343750
