0 0.409375 0.976562 0.409375 0.992188 0.415625 0.993750 0.417187 0.996875 0.431250 0.996875 0.435937 0.993750 0.435937 0.982812 0.428125 0.973437 0.412500 0.973437
0 0.137500 0.917188 0.134375 0.931250 0.143750 0.935937 0.140625 0.940625 0.140625 0.950000 0.143750 0.951562 0.145313 0.962500 0.153125 0.971875 0.153125 0.982812 0.148438 0.987500 0.148438 0.995313 0.151562 0.998437 0.190625 0.998437 0.176563 0.973437 0.167187 0.967187 0.167187 0.960938 0.162500 0.957812 0.162500 0.942187 0.159375 0.940625 0.157812 0.925000 0.151562 0.925000 0.145313 0.917188
0 0.634375 0.867188 0.634375 0.889062 0.651563 0.909375 0.651563 0.920312 0.639062 0.925000 0.639062 0.937500 0.642188 0.940625 0.642188 0.987500 0.645312 0.990625 0.645312 0.998437 0.662500 0.996875 0.662500 0.987500 0.657813 0.985938 0.662500 0.973437 0.657813 0.926562 0.670312 0.918750 0.671875 0.876563 0.646875 0.867188
0 0.148438 0.828125 0.143750 0.832812 0.143750 0.871875 0.154688 0.873437 0.157812 0.868750 0.162500 0.837500 0.156250 0.828125
0 0.592187 0.785937 0.595313 0.807813 0.603125 0.807813 0.606250 0.812500 0.610938 0.812500 0.614062 0.818750 0.621875 0.818750 0.618750 0.801562 0.615625 0.801562 0.601562 0.787500
0 0.529687 0.726562 0.529687 0.757812 0.537500 0.767188 0.537500 0.771875 0.546875 0.771875 0.550000 0.768750 0.546875 0.735938 0.543750 0.734375 0.543750 0.728125
0 0.503125 0.679688 0.492188 0.679688 0.485938 0.687500 0.482812 0.687500 0.482812 0.700000 0.479687 0.701562 0.479687 0.709375 0.482812 0.714063 0.496875 0.715625 0.498437 0.710938 0.507812 0.710938 0.510938 0.706250 0.507812 0.682813
0 0.000000 0.642188 0.000000 0.784375 0.007812 0.787500 0.006250 0.793750 0.000000 0.798438 0.000000 0.806250 0.006250 0.810937 0.006250 0.826562 0.018750 0.840625 0.023438 0.857812 0.028125 0.862500 0.028125 0.867188 0.020313 0.871875 0.020313 0.879687 0.039062 0.878125 0.045312 0.885938 0.043750 0.904687 0.059375 0.904687 0.065625 0.912500 0.062500 0.920312 0.034375 0.921875 0.025000 0.915625 0.017188 0.915625 0.015625 0.925000 0.025000 0.926562 0.028125 0.931250 0.045312 0.931250 0.053125 0.934375 0.057813 0.943750 0.073438 0.954688 0.073438 0.964063 0.076563 0.965625 0.081250 0.984375 0.095312 0.993750 0.110937 0.992188 0.110937 0.979688 0.092188 0.967187 0.095312 0.962500 0.101562 0.962500 0.100000 0.953125 0.085938 0.951562 0.082812 0.946875 0.087500 0.937500 0.095312 0.935937 0.093750 0.920312 0.087500 0.915625 0.084375 0.903125 0.075000 0.900000 0.075000 0.890625 0.053125 0.878125 0.048438 0.854688 0.040625 0.848437 0.043750 0.842187 0.043750 0.820312 0.035937 0.817187 0.040625 0.810937 0.040625 0.801562 0.021875 0.776563 0.023438 0.770312 0.031250 0.768750 0.031250 0.762500 0.034375 0.759375 0.034375 0.748437 0.025000 0.748437 0.021875 0.740625 0.034375 0.737500 0.035937 0.687500 0.026562 0.681250 0.026562 0.665625 0.010937 0.653125 0.004687 0.642188
0 0.000000 0.537500 0.000000 0.617188 0.004687 0.617188 0.007812 0.614062 0.004687 0.598437 0.009375 0.592187 0.009375 0.584375 0.017188 0.582812 0.017188 0.553125 0.004687 0.537500
0 0.378125 0.492188 0.373437 0.496875 0.373437 0.509375 0.378125 0.525000 0.382812 0.532813 0.393750 0.537500 0.395313 0.546875 0.403125 0.553125 0.403125 0.557813 0.407813 0.562500 0.407813 0.582812 0.414062 0.592187 0.418750 0.592187 0.421875 0.596875 0.434375 0.596875 0.434375 0.587500 0.426563 0.573438 0.426563 0.556250 0.423438 0.554688 0.423438 0.550000 0.418750 0.548438 0.418750 0.540625 0.414062 0.535937 0.414062 0.525000 0.409375 0.518750 0.409375 0.501563 0.403125 0.493750 0.395313 0.493750 0.390625 0.496875 0.387500 0.492188
0 0.148438 0.479687 0.146875 0.485938 0.142187 0.489063 0.142187 0.500000 0.148438 0.507812 0.156250 0.507812 0.157812 0.485938 0.154688 0.479687
0 0.265625 0.334375 0.262500 0.339062 0.262500 0.353125 0.278125 0.354687 0.278125 0.337500 0.273438 0.334375
0 0.104688 0.320312 0.104688 0.325000 0.100000 0.329688 0.100000 0.343750 0.095312 0.350000 0.085938 0.350000 0.084375 0.357812 0.092188 0.360938 0.104688 0.373437 0.104688 0.382812 0.114062 0.382812 0.114062 0.371875 0.118750 0.370312 0.118750 0.329688 0.114062 0.325000 0.114062 0.320312
0 0.232813 0.306250 0.232813 0.312500 0.240625 0.320312 0.240625 0.325000 0.250000 0.326562 0.251563 0.315625 0.239063 0.306250
0 0.862500 0.289062 0.862500 0.296875 0.875000 0.306250 0.882812 0.306250 0.882812 0.295312 0.887500 0.293750 0.887500 0.287500 0.882812 0.284375 0.870313 0.284375
0 0.121875 0.248438 0.121875 0.260937 0.129688 0.264062 0.131250 0.268750 0.153125 0.267188 0.153125 0.253125 0.146875 0.250000 0.134375 0.250000 0.132812 0.243750 0.126562 0.243750 0.126562 0.246875
0 0.018750 0.240625 0.015625 0.245312 0.015625 0.260937 0.020313 0.264062 0.035937 0.264062 0.039062 0.260937 0.039062 0.251563 0.034375 0.248438 0.034375 0.242188
0 0.057813 0.189062 0.057813 0.196875 0.060937 0.201563 0.065625 0.201563 0.070312 0.209375 0.082812 0.209375 0.081250 0.196875 0.070312 0.192188 0.067187 0.187500
0 0.345313 0.095312 0.353125 0.095312 0.357812 0.098437 0.364063 0.098437 0.368750 0.093750 0.382812 0.092188 0.381250 0.079687 0.360938 0.078125 0.353125 0.082812 0.346875 0.082812
0 0.223438 0.000000 0.223438 0.004687 0.228125 0.007812 0.245312 0.007812 0.245312 0.000000
