0 0.440625 0.993750 0.440625 0.998437 0.467187 0.998437 0.467187 0.987500 0.451562 0.987500 0.450000 0.990625
0 0.525000 0.937500 0.510938 0.937500 0.510938 0.942187 0.506250 0.943750 0.506250 0.948438 0.498437 0.956250 0.498437 0.962500 0.510938 0.968750 0.509375 0.973437 0.503125 0.973437 0.503125 0.981250 0.517188 0.978125 0.521875 0.971875 0.520312 0.954688 0.525000 0.953125
0 0.456250 0.917188 0.448437 0.925000 0.445312 0.942187 0.448437 0.948438 0.470313 0.948438 0.471875 0.934375 0.467187 0.925000 0.462500 0.923438 0.462500 0.917188
0 0.518750 0.907813 0.515625 0.926562 0.525000 0.928125 0.528125 0.907813
0 0.496875 0.770312 0.489063 0.770312 0.489063 0.776563 0.493750 0.779687 0.490625 0.784375 0.476562 0.789062 0.465625 0.787500 0.465625 0.796875 0.460938 0.801562 0.460938 0.809375 0.457813 0.810937 0.457813 0.825000 0.467187 0.837500 0.465625 0.856250 0.460938 0.859375 0.460938 0.873437 0.468750 0.876563 0.465625 0.879687 0.462500 0.876563 0.448437 0.876563 0.446875 0.892188 0.454688 0.892188 0.457813 0.887500 0.470313 0.896875 0.479687 0.895312 0.481250 0.882812 0.476562 0.876563 0.475000 0.860938 0.479687 0.857812 0.482812 0.848437 0.490625 0.848437 0.493750 0.860938 0.501563 0.862500 0.503125 0.871875 0.512500 0.873437 0.512500 0.856250 0.507812 0.845313 0.495312 0.845313 0.493750 0.842187 0.487500 0.842187 0.479687 0.834375 0.481250 0.825000 0.487500 0.825000 0.490625 0.829688 0.503125 0.829688 0.517188 0.817187 0.512500 0.801562 0.504687 0.793750 0.503125 0.778125 0.496875 0.775000
0 0.629687 0.757812 0.632812 0.773438 0.628125 0.775000 0.628125 0.782813 0.632812 0.789062 0.639062 0.789062 0.642188 0.778125 0.645312 0.776563 0.645312 0.770312 0.635938 0.767188 0.635938 0.757812
0 0.487500 0.742188 0.487500 0.764062 0.496875 0.764062 0.496875 0.750000 0.493750 0.748437 0.493750 0.742188
0 0.517188 0.625000 0.506250 0.625000 0.504687 0.629687 0.492188 0.637500 0.492188 0.642188 0.487500 0.643750 0.487500 0.650000 0.481250 0.657813 0.467187 0.665625 0.465625 0.673438 0.460938 0.675000 0.460938 0.698438 0.464062 0.700000 0.464062 0.709375 0.456250 0.710938 0.453125 0.718750 0.453125 0.739062 0.446875 0.753125 0.448437 0.773438 0.451562 0.776563 0.462500 0.776563 0.462500 0.760938 0.465625 0.757812 0.471875 0.734375 0.471875 0.717187 0.468750 0.717187 0.467187 0.712500 0.475000 0.710938 0.475000 0.701562 0.479687 0.700000 0.485938 0.704688 0.487500 0.712500 0.498437 0.714063 0.503125 0.707812 0.504687 0.696875 0.512500 0.696875 0.514062 0.689063 0.526563 0.689063 0.525000 0.675000 0.520312 0.675000 0.510938 0.662500 0.517188 0.654687 0.517188 0.646875 0.514062 0.643750 0.517188 0.640625
0 0.828125 0.523438 0.828125 0.531250 0.832812 0.535937 0.832812 0.548438 0.843750 0.550000 0.845313 0.539062 0.839063 0.521875
0 0.568750 0.506250 0.568750 0.525000 0.559375 0.529687 0.559375 0.535937 0.556250 0.537500 0.554688 0.543750 0.546875 0.550000 0.545312 0.556250 0.537500 0.562500 0.532813 0.573438 0.528125 0.576562 0.525000 0.604688 0.535937 0.604688 0.543750 0.592187 0.551562 0.590625 0.556250 0.584375 0.557813 0.571875 0.564063 0.568750 0.564063 0.606250 0.568750 0.623437 0.565625 0.628125 0.560937 0.628125 0.560937 0.635938 0.579688 0.635938 0.587500 0.623437 0.587500 0.609375 0.584375 0.606250 0.587500 0.592187 0.601562 0.582812 0.600000 0.565625 0.604688 0.557813 0.604688 0.545312 0.609375 0.542188 0.609375 0.534375 0.600000 0.534375 0.595313 0.540625 0.595313 0.551562 0.592187 0.554688 0.585938 0.554688 0.582812 0.551562 0.581250 0.509375 0.579688 0.506250
0 0.946875 0.439063 0.937500 0.439063 0.935937 0.442188 0.925000 0.443750 0.925000 0.450000 0.945312 0.450000
0 0.684375 0.271875 0.675000 0.271875 0.665625 0.284375 0.665625 0.290625 0.656250 0.298438 0.656250 0.304688 0.651563 0.307812 0.650000 0.314063 0.639062 0.321875 0.639062 0.329688 0.645312 0.329688 0.648438 0.334375 0.640625 0.337500 0.637500 0.353125 0.625000 0.354687 0.625000 0.359375 0.617188 0.364063 0.615625 0.398438 0.612500 0.400000 0.615625 0.414062 0.595313 0.439063 0.593750 0.450000 0.585938 0.457813 0.582812 0.465625 0.571875 0.476562 0.568750 0.476562 0.567187 0.485938 0.564063 0.487500 0.564063 0.498437 0.575000 0.498437 0.581250 0.490625 0.585938 0.490625 0.589063 0.485938 0.595313 0.485938 0.600000 0.479687 0.604688 0.479687 0.615625 0.493750 0.615625 0.503125 0.612500 0.504687 0.612500 0.526563 0.621875 0.526563 0.626563 0.521875 0.626563 0.496875 0.623437 0.493750 0.621875 0.476562 0.609375 0.465625 0.609375 0.457813 0.614062 0.454688 0.614062 0.445312 0.618750 0.439063 0.618750 0.428125 0.625000 0.423438 0.628125 0.435937 0.637500 0.435937 0.640625 0.425000 0.639062 0.409375 0.643750 0.406250 0.646875 0.410938 0.653125 0.410938 0.657813 0.406250 0.657813 0.378125 0.667188 0.370312 0.667188 0.354687 0.676562 0.348438 0.673438 0.332813 0.676562 0.329688 0.675000 0.318750 0.679688 0.312500 0.681250 0.293750 0.684375 0.290625
0 0.718750 0.253125 0.707812 0.254688 0.707812 0.265625 0.704688 0.267188 0.703125 0.281250 0.712500 0.281250 0.718750 0.275000
0 0.162500 0.171875 0.153125 0.171875 0.148438 0.175000 0.148438 0.189062 0.151562 0.192188 0.157812 0.192188 0.162500 0.185938
0 0.554688 0.112500 0.554688 0.132812 0.564063 0.134375 0.568750 0.115625 0.564063 0.112500
0 0.693750 0.000000 0.695312 0.007812 0.700000 0.010937 0.700000 0.015625 0.692187 0.025000 0.692187 0.046875 0.695312 0.051562 0.696875 0.123438 0.700000 0.125000 0.700000 0.184375 0.703125 0.189062 0.703125 0.201563 0.690625 0.201563 0.687500 0.215625 0.682813 0.218750 0.682813 0.235937 0.687500 0.239063 0.687500 0.246875 0.696875 0.248438 0.696875 0.240625 0.701562 0.237500 0.701562 0.225000 0.704688 0.221875 0.709375 0.234375 0.717187 0.239063 0.718750 0.246875 0.728125 0.246875 0.728125 0.228125 0.714063 0.209375 0.712500 0.193750 0.715625 0.190625 0.728125 0.193750 0.728125 0.182812 0.731250 0.178125 0.731250 0.171875 0.726562 0.168750 0.729688 0.151562 0.725000 0.145313 0.725000 0.126562 0.728125 0.123438 0.728125 0.096875 0.732812 0.092188 0.732812 0.068750 0.718750 0.042188 0.706250 0.039062 0.706250 0.035937 0.714063 0.031250 0.715625 0.012500 0.706250 0.007812 0.707812 0.000000
