0 0.310937 0.926562 0.310937 0.934375 0.320312 0.940625 0.320312 0.951562 0.328125 0.960938 0.339062 0.960938 0.335938 0.946875 0.323437 0.939063 0.323437 0.931250 0.318750 0.926562
0 0.968750 0.893750 0.970313 0.917188 0.998437 0.918750 0.998437 0.904687 0.995313 0.907813 0.989062 0.906250 0.979688 0.890625
0 0.337500 0.862500 0.337500 0.887500 0.340625 0.887500 0.342187 0.892188 0.351562 0.892188 0.351562 0.862500
0 0.237500 0.798438 0.232813 0.793750 0.221875 0.793750 0.215625 0.801562 0.201563 0.801562 0.198437 0.818750 0.210938 0.826562 0.220312 0.826562 0.237500 0.806250
0 0.000000 0.740625 0.000000 0.764062 0.003125 0.767188 0.009375 0.767188 0.012500 0.764062 0.012500 0.754687 0.003125 0.745313 0.003125 0.740625
0 0.582812 0.704688 0.585938 0.721875 0.598437 0.725000 0.607812 0.742188 0.617188 0.742188 0.620313 0.732812 0.632812 0.740625 0.634375 0.754687 0.651563 0.787500 0.651563 0.800000 0.685937 0.803125 0.695312 0.812500 0.710938 0.812500 0.717187 0.825000 0.726562 0.834375 0.732812 0.834375 0.746875 0.846875 0.790625 0.846875 0.806250 0.834375 0.820312 0.834375 0.823438 0.829688 0.829688 0.829688 0.834375 0.821875 0.845313 0.820312 0.851562 0.823438 0.854688 0.829688 0.859375 0.829688 0.865625 0.840625 0.876563 0.846875 0.898438 0.846875 0.910937 0.835938 0.917188 0.835938 0.925000 0.846875 0.964063 0.846875 0.968750 0.851562 0.984375 0.851562 0.987500 0.856250 0.998437 0.856250 0.998437 0.828125 0.973437 0.828125 0.962500 0.823438 0.953125 0.814063 0.929688 0.814063 0.920312 0.823438 0.906250 0.823438 0.895312 0.810937 0.843750 0.810937 0.834375 0.801562 0.801562 0.806250 0.792188 0.810937 0.789062 0.818750 0.781250 0.818750 0.775000 0.828125 0.762500 0.828125 0.757812 0.834375 0.754687 0.834375 0.746875 0.828125 0.753125 0.810937 0.748437 0.810937 0.728125 0.787500 0.720313 0.784375 0.715625 0.775000 0.707812 0.775000 0.701562 0.767188 0.690625 0.765625 0.678125 0.748437 0.670312 0.748437 0.667188 0.740625 0.651563 0.735938 0.643750 0.726562 0.637500 0.723437 0.623437 0.726562 0.614062 0.704688
0 0.121875 0.639062 0.117188 0.642188 0.117188 0.656250 0.121875 0.660937 0.121875 0.665625 0.129688 0.665625 0.132812 0.642188 0.131250 0.639062
0 0.478125 0.559375 0.478125 0.578125 0.487500 0.590625 0.489063 0.600000 0.496875 0.614062 0.503125 0.617188 0.525000 0.614062 0.529687 0.620313 0.529687 0.626563 0.526563 0.629687 0.529687 0.643750 0.543750 0.653125 0.551562 0.653125 0.554688 0.657813 0.567187 0.662500 0.568750 0.671875 0.571875 0.671875 0.576562 0.678125 0.576562 0.684375 0.592187 0.685937 0.592187 0.668750 0.570312 0.662500 0.570312 0.646875 0.562500 0.643750 0.560937 0.634375 0.550000 0.626563 0.543750 0.617188 0.534375 0.610938 0.534375 0.607812 0.529687 0.606250 0.529687 0.598437 0.523438 0.595313 0.521875 0.590625 0.493750 0.565625 0.492188 0.559375
0 0.392188 0.460938 0.392188 0.471875 0.398438 0.482812 0.406250 0.487500 0.420312 0.489063 0.420312 0.507812 0.417187 0.518750 0.395313 0.528125 0.395313 0.543750 0.406250 0.548438 0.407813 0.556250 0.421875 0.568750 0.421875 0.575000 0.431250 0.579688 0.431250 0.584375 0.434375 0.585938 0.434375 0.600000 0.446875 0.604688 0.462500 0.604688 0.462500 0.596875 0.456250 0.589063 0.440625 0.584375 0.440625 0.571875 0.431250 0.562500 0.431250 0.550000 0.425000 0.535937 0.428125 0.532813 0.439063 0.543750 0.464062 0.543750 0.467187 0.542188 0.467187 0.529687 0.445312 0.514062 0.443750 0.506250 0.431250 0.493750 0.431250 0.482812 0.423438 0.482812 0.403125 0.460938
0 0.271875 0.315625 0.267188 0.320312 0.267188 0.335938 0.279687 0.335938 0.285938 0.343750 0.293750 0.343750 0.296875 0.348438 0.314063 0.348438 0.315625 0.356250 0.320312 0.357812 0.320312 0.365625 0.323437 0.370312 0.328125 0.370312 0.337500 0.381250 0.357812 0.387500 0.359375 0.392188 0.367188 0.396875 0.368750 0.406250 0.371875 0.407813 0.371875 0.435937 0.376563 0.439063 0.378125 0.445312 0.392188 0.445312 0.392188 0.406250 0.389062 0.406250 0.387500 0.400000 0.381250 0.398438 0.378125 0.392188 0.370312 0.387500 0.370312 0.381250 0.375000 0.378125 0.373437 0.364063 0.365625 0.356250 0.354687 0.354687 0.343750 0.345313 0.343750 0.342187 0.339062 0.340625 0.339062 0.337500 0.329688 0.337500 0.317188 0.315625 0.289062 0.315625 0.287500 0.312500
0 0.531250 0.187500 0.531250 0.207813 0.551562 0.209375 0.553125 0.193750 0.543750 0.187500
0 0.501563 0.167187 0.501563 0.173437 0.496875 0.175000 0.496875 0.185938 0.501563 0.187500 0.501563 0.198437 0.507812 0.198437 0.510938 0.193750 0.512500 0.175000 0.509375 0.167187
0 0.000000 0.112500 0.000000 0.140625 0.010937 0.140625 0.029687 0.157812 0.039062 0.157812 0.042188 0.162500 0.054688 0.162500 0.059375 0.168750 0.057813 0.184375 0.071875 0.189062 0.090625 0.206250 0.100000 0.206250 0.104688 0.203125 0.114062 0.207813 0.117188 0.220312 0.126562 0.225000 0.126562 0.237500 0.140625 0.237500 0.146875 0.243750 0.143750 0.259375 0.162500 0.256250 0.170313 0.267188 0.182812 0.268750 0.187500 0.273438 0.206250 0.273438 0.210938 0.278125 0.240625 0.278125 0.246875 0.284375 0.248438 0.290625 0.257812 0.290625 0.259375 0.281250 0.254688 0.275000 0.251563 0.257812 0.237500 0.245312 0.201563 0.245312 0.198437 0.240625 0.189062 0.240625 0.184375 0.232813 0.165625 0.231250 0.154688 0.223438 0.148438 0.223438 0.140625 0.214062 0.135937 0.214062 0.128125 0.201563 0.117188 0.192188 0.110937 0.192188 0.098437 0.182812 0.096875 0.145313 0.087500 0.134375 0.046875 0.134375 0.032813 0.121875 0.025000 0.121875 0.021875 0.117188
