0 0.365625 0.629687 0.364063 0.640625 0.387500 0.650000 0.393750 0.660937 0.404687 0.667188 0.423438 0.667188 0.423438 0.659375 0.426563 0.656250 0.429688 0.662500 0.453125 0.662500 0.456250 0.670312 0.462500 0.670312 0.468750 0.657813 0.481250 0.657813 0.517188 0.679688 0.557813 0.679688 0.579688 0.689063 0.590625 0.706250 0.604688 0.710938 0.631250 0.743750 0.651563 0.757812 0.656250 0.771875 0.685937 0.768750 0.700000 0.781250 0.704688 0.796875 0.696875 0.806250 0.696875 0.820312 0.704688 0.829688 0.715625 0.834375 0.740625 0.829688 0.789062 0.848437 0.796875 0.860938 0.823438 0.860938 0.828125 0.867188 0.823438 0.885938 0.845313 0.895312 0.850000 0.904687 0.864062 0.909375 0.871875 0.920312 0.885938 0.920312 0.893750 0.935937 0.917188 0.951562 0.914062 0.959375 0.903125 0.960938 0.903125 0.970313 0.940625 0.962500 0.945312 0.970313 0.956250 0.975000 0.998437 0.975000 0.998437 0.951562 0.962500 0.946875 0.956250 0.934375 0.910937 0.925000 0.882812 0.890625 0.873437 0.889062 0.860938 0.842187 0.814063 0.837500 0.803125 0.828125 0.776563 0.832812 0.775000 0.831250 0.779687 0.820312 0.771875 0.820312 0.753125 0.800000 0.710938 0.779687 0.695312 0.756250 0.648438 0.723437 0.612500 0.681250 0.590625 0.667188 0.575000 0.664062 0.570312 0.656250 0.529687 0.651563 0.521875 0.643750 0.434375 0.639062 0.418750 0.648438 0.404687 0.643750 0.389062 0.625000
0 0.000000 0.546875 0.000000 0.575000 0.032813 0.578125 0.039062 0.581250 0.042188 0.587500 0.112500 0.587500 0.115625 0.590625 0.134375 0.587500 0.137500 0.592187 0.162500 0.592187 0.165625 0.596875 0.204687 0.596875 0.220312 0.592187 0.232813 0.614062 0.254688 0.614062 0.257812 0.618750 0.268750 0.618750 0.273438 0.614062 0.273438 0.600000 0.267188 0.593750 0.267188 0.587500 0.271875 0.582812 0.275000 0.592187 0.285938 0.592187 0.306250 0.604688 0.325000 0.604688 0.326562 0.601562 0.337500 0.600000 0.350000 0.617188 0.357812 0.617188 0.356250 0.592187 0.348438 0.592187 0.345313 0.582812 0.332813 0.581250 0.328125 0.573438 0.321875 0.573438 0.318750 0.568750 0.298438 0.568750 0.298438 0.579688 0.285938 0.581250 0.282813 0.578125 0.285938 0.550000 0.264062 0.550000 0.262500 0.565625 0.267188 0.571875 0.260937 0.573438 0.240625 0.570312 0.235937 0.573438 0.235937 0.582812 0.231250 0.585938 0.228125 0.579688 0.232813 0.573438 0.232813 0.564063 0.226562 0.564063 0.223438 0.559375 0.201563 0.559375 0.198437 0.564063 0.189062 0.564063 0.185938 0.559375 0.173437 0.559375 0.170313 0.564063 0.164062 0.564063 0.156250 0.568750 0.092188 0.568750 0.087500 0.564063 0.067187 0.564063 0.056250 0.551562 0.045312 0.551562 0.039062 0.545312
0 0.342187 0.553125 0.342187 0.562500 0.353125 0.565625 0.362500 0.557813 0.364063 0.545312 0.370312 0.539062 0.392188 0.542188 0.398438 0.532813 0.403125 0.532813 0.406250 0.537500 0.406250 0.546875 0.396875 0.557813 0.381250 0.560937 0.379688 0.582812 0.392188 0.582812 0.392188 0.573438 0.398438 0.565625 0.409375 0.565625 0.412500 0.570312 0.418750 0.571875 0.434375 0.570312 0.437500 0.565625 0.482812 0.565625 0.485938 0.570312 0.504687 0.570312 0.504687 0.565625 0.510938 0.562500 0.515625 0.573438 0.528125 0.573438 0.534375 0.567187 0.545312 0.565625 0.551562 0.560937 0.551562 0.550000 0.532813 0.550000 0.529687 0.545312 0.490625 0.546875 0.482812 0.540625 0.439063 0.542188 0.431250 0.553125 0.425000 0.556250 0.418750 0.543750 0.418750 0.520312 0.414062 0.510938 0.404687 0.510938 0.401562 0.515625 0.392188 0.515625 0.387500 0.525000 0.351562 0.529687 0.350000 0.535937 0.346875 0.537500 0.346875 0.550000
0 0.532813 0.246875 0.506250 0.251563 0.506250 0.268750 0.520312 0.268750 0.521875 0.264062 0.526563 0.264062 0.532813 0.257812
0 0.668750 0.239063 0.671875 0.260937 0.684375 0.259375 0.684375 0.243750 0.678125 0.239063
0 0.620313 0.184375 0.617188 0.187500 0.617188 0.209375 0.625000 0.215625 0.637500 0.217188 0.643750 0.201563 0.643750 0.193750 0.634375 0.192188 0.632812 0.187500 0.628125 0.187500 0.626563 0.184375
0 0.315625 0.160938 0.315625 0.168750 0.325000 0.176563 0.325000 0.184375 0.332813 0.198437 0.345313 0.203125 0.348438 0.209375 0.357812 0.209375 0.360938 0.193750 0.353125 0.187500 0.353125 0.182812 0.345313 0.179688 0.343750 0.175000 0.340625 0.175000 0.339062 0.170313 0.328125 0.160938
0 0.059375 0.125000 0.056250 0.128125 0.056250 0.140625 0.062500 0.142187 0.064062 0.145313 0.070312 0.145313 0.070312 0.126562
0 0.726562 0.098437 0.726562 0.117188 0.735938 0.118750 0.735938 0.098437
0 0.232813 0.051562 0.235937 0.070312 0.253125 0.068750 0.251563 0.057813 0.242188 0.051562
