0 0.101562 0.934375 0.093750 0.934375 0.089063 0.940625 0.089063 0.948438 0.085938 0.950000 0.085938 0.984375 0.092188 0.984375 0.093750 0.960938 0.098437 0.943750 0.101562 0.942187
0 0.831250 0.923438 0.825000 0.923438 0.825000 0.928125 0.821875 0.929688 0.818750 0.965625 0.810937 0.967187 0.810937 0.973437 0.829688 0.973437
0 0.848437 0.890625 0.840625 0.890625 0.839063 0.900000 0.835938 0.901563 0.835938 0.910937 0.832812 0.912500 0.832812 0.920312 0.839063 0.920312 0.842187 0.904687 0.848437 0.896875
0 0.864062 0.862500 0.857812 0.862500 0.857812 0.873437 0.846875 0.879687 0.846875 0.887500 0.853125 0.887500 0.853125 0.882812 0.864062 0.876563
0 0.123438 0.835938 0.117188 0.835938 0.117188 0.840625 0.114062 0.842187 0.107813 0.870313 0.117188 0.870313 0.117188 0.854688 0.120313 0.853125
0 0.300000 0.759375 0.300000 0.767188 0.303125 0.771875 0.309375 0.771875 0.310937 0.776563 0.320312 0.776563 0.320312 0.770312 0.314063 0.770312 0.312500 0.765625 0.306250 0.764062 0.306250 0.759375
0 0.201563 0.665625 0.203125 0.679688 0.212500 0.685937 0.220312 0.700000 0.228125 0.700000 0.228125 0.693750 0.221875 0.687500 0.221875 0.682813 0.217188 0.681250 0.217188 0.671875 0.212500 0.671875 0.207813 0.665625
0 0.639062 0.575000 0.632812 0.575000 0.632812 0.587500 0.621875 0.603125 0.618750 0.623437 0.610938 0.634375 0.607812 0.653125 0.603125 0.656250 0.603125 0.664062 0.600000 0.665625 0.600000 0.679688 0.595313 0.682813 0.595313 0.692187 0.589063 0.703125 0.589063 0.709375 0.578125 0.721875 0.578125 0.732812 0.573438 0.737500 0.565625 0.773438 0.550000 0.795312 0.542188 0.814063 0.531250 0.820312 0.528125 0.854688 0.518750 0.859375 0.515625 0.878125 0.498437 0.903125 0.496875 0.910937 0.492188 0.914062 0.489063 0.959375 0.475000 0.984375 0.471875 0.998437 0.482812 0.998437 0.490625 0.984375 0.490625 0.976562 0.498437 0.964063 0.498437 0.945312 0.504687 0.937500 0.506250 0.920312 0.512500 0.910937 0.518750 0.885938 0.525000 0.881250 0.526563 0.867188 0.535937 0.859375 0.539062 0.835938 0.546875 0.831250 0.546875 0.821875 0.559375 0.796875 0.568750 0.787500 0.571875 0.775000 0.579688 0.771875 0.582812 0.746875 0.590625 0.725000 0.598437 0.717187 0.601562 0.696875 0.607812 0.685937 0.609375 0.664062 0.615625 0.656250 0.617188 0.643750 0.623437 0.635938 0.626563 0.621875 0.637500 0.601562 0.637500 0.593750 0.642188 0.585938
0 0.629687 0.535937 0.629687 0.567187 0.637500 0.568750 0.637500 0.535937
0 0.129688 0.457813 0.129688 0.465625 0.132812 0.470313 0.145313 0.479687 0.153125 0.479687 0.154688 0.475000 0.159375 0.475000 0.159375 0.462500 0.156250 0.457813
0 0.095312 0.435937 0.095312 0.442188 0.106250 0.442188 0.110937 0.446875 0.118750 0.448437 0.120313 0.453125 0.126562 0.453125 0.126562 0.446875 0.123438 0.442188 0.118750 0.442188 0.115625 0.435937
0 0.346875 0.442188 0.350000 0.442188 0.351562 0.446875 0.359375 0.446875 0.360938 0.443750 0.381250 0.442188 0.382812 0.437500 0.396875 0.437500 0.398438 0.442188 0.428125 0.445312 0.429688 0.442188 0.446875 0.442188 0.448437 0.437500 0.454688 0.435937 0.454688 0.429688 0.434375 0.429688 0.432812 0.435937 0.409375 0.435937 0.406250 0.429688 0.373437 0.429688 0.365625 0.435937 0.346875 0.435937
0 0.665625 0.425000 0.654687 0.425000 0.646875 0.439063 0.640625 0.442188 0.635938 0.471875 0.632812 0.473438 0.632812 0.492188 0.639062 0.492188 0.645312 0.462500 0.651563 0.450000 0.662500 0.437500
0 0.331250 0.425000 0.320312 0.423438 0.312500 0.428125 0.307812 0.435937 0.300000 0.435937 0.300000 0.439063 0.293750 0.442188 0.293750 0.448437 0.290625 0.451562 0.275000 0.457813 0.271875 0.462500 0.267188 0.462500 0.260937 0.473438 0.253125 0.473438 0.248438 0.479687 0.242188 0.479687 0.239063 0.484375 0.217188 0.484375 0.214062 0.489063 0.198437 0.495312 0.195312 0.501563 0.187500 0.501563 0.187500 0.504687 0.181250 0.507812 0.173437 0.518750 0.160938 0.520312 0.157812 0.525000 0.148438 0.525000 0.148438 0.532813 0.131250 0.551562 0.125000 0.551562 0.117188 0.562500 0.109375 0.562500 0.104688 0.568750 0.101562 0.568750 0.092188 0.587500 0.085938 0.590625 0.073438 0.606250 0.067187 0.606250 0.060937 0.617188 0.056250 0.617188 0.053125 0.621875 0.046875 0.621875 0.037500 0.632812 0.006250 0.634375 0.000000 0.639062 0.000000 0.646875 0.009375 0.645312 0.012500 0.640625 0.037500 0.640625 0.040625 0.635938 0.051562 0.635938 0.054688 0.629687 0.070312 0.621875 0.079687 0.607812 0.085938 0.607812 0.089063 0.601562 0.096875 0.598437 0.112500 0.575000 0.117188 0.575000 0.121875 0.568750 0.134375 0.564063 0.146875 0.548438 0.153125 0.546875 0.162500 0.537500 0.167187 0.537500 0.182812 0.520312 0.189062 0.520312 0.195312 0.515625 0.201563 0.504687 0.212500 0.504687 0.215625 0.498437 0.225000 0.496875 0.228125 0.492188 0.250000 0.492188 0.253125 0.487500 0.262500 0.485938 0.285938 0.464062 0.290625 0.464062 0.293750 0.459375 0.301563 0.459375 0.301563 0.454688 0.312500 0.442188 0.320312 0.442188 0.331250 0.431250
0 0.150000 0.250000 0.150000 0.275000 0.159375 0.273438 0.159375 0.267188 0.156250 0.265625 0.156250 0.250000
0 0.748437 0.221875 0.739062 0.221875 0.734375 0.228125 0.734375 0.235937 0.729688 0.239063 0.723437 0.257812 0.723437 0.273438 0.720313 0.275000 0.717187 0.285938 0.706250 0.298438 0.701562 0.298438 0.696875 0.304688 0.693750 0.304688 0.682813 0.350000 0.679688 0.353125 0.673438 0.354687 0.662500 0.364063 0.646875 0.364063 0.643750 0.368750 0.625000 0.370312 0.614062 0.381250 0.584375 0.381250 0.581250 0.385937 0.564063 0.385937 0.560937 0.390625 0.548438 0.392188 0.545312 0.396875 0.517188 0.396875 0.517188 0.401562 0.504687 0.407813 0.501563 0.412500 0.484375 0.414062 0.481250 0.418750 0.473438 0.418750 0.468750 0.425000 0.464062 0.425000 0.464062 0.431250 0.476562 0.431250 0.479687 0.426563 0.501563 0.426563 0.504687 0.421875 0.514062 0.420312 0.529687 0.404687 0.554688 0.404687 0.557813 0.400000 0.568750 0.398438 0.571875 0.393750 0.601562 0.393750 0.604688 0.387500 0.628125 0.387500 0.631250 0.382812 0.645312 0.381250 0.648438 0.376563 0.662500 0.376563 0.665625 0.371875 0.673438 0.371875 0.684375 0.360938 0.690625 0.364063 0.690625 0.375000 0.696875 0.375000 0.696875 0.359375 0.703125 0.343750 0.703125 0.323437 0.715625 0.306250 0.725000 0.300000 0.731250 0.284375 0.735938 0.279687 0.735938 0.270313 0.739062 0.267188 0.735938 0.256250 0.743750 0.251563 0.743750 0.239063 0.750000 0.234375
0 0.235937 0.146875 0.235937 0.153125 0.260937 0.153125 0.260937 0.145313
0 0.345313 0.140625 0.342187 0.135937 0.331250 0.135937 0.326562 0.145313 0.314063 0.142187 0.312500 0.146875 0.285938 0.146875 0.285938 0.153125 0.340625 0.153125 0.345313 0.150000
0 0.150000 0.112500 0.150000 0.120313 0.157812 0.120313 0.159375 0.125000 0.171875 0.125000 0.173437 0.131250 0.184375 0.131250 0.184375 0.125000 0.181250 0.121875 0.173437 0.121875 0.160938 0.112500 0.159375 0.107813 0.153125 0.107813
0 0.826562 0.092188 0.818750 0.093750 0.817187 0.121875 0.814063 0.132812 0.810937 0.134375 0.810937 0.140625 0.804688 0.150000 0.793750 0.151562 0.790625 0.156250 0.779687 0.156250 0.775000 0.162500 0.768750 0.162500 0.768750 0.170313 0.760938 0.176563 0.760938 0.187500 0.750000 0.196875 0.750000 0.218750 0.757812 0.218750 0.781250 0.175000 0.785937 0.175000 0.793750 0.164062 0.810937 0.164062 0.814063 0.153125 0.823438 0.153125
0 0.929688 0.075000 0.920312 0.075000 0.918750 0.079687 0.912500 0.081250 0.909375 0.085938 0.909375 0.095312 0.906250 0.096875 0.906250 0.101562 0.901563 0.103125 0.901563 0.109375 0.909375 0.109375 0.909375 0.106250 0.914062 0.104688 0.914062 0.100000 0.918750 0.098437 0.918750 0.093750 0.929688 0.081250
0 0.968750 0.031250 0.960938 0.031250 0.959375 0.040625 0.956250 0.042188 0.956250 0.051562 0.953125 0.053125 0.953125 0.057813 0.948438 0.059375 0.948438 0.065625 0.954688 0.065625 0.954688 0.062500 0.960938 0.059375 0.965625 0.040625 0.968750 0.039062
0 0.967187 0.026562 0.975000 0.026562 0.976562 0.021875 0.987500 0.021875 0.987500 0.015625 0.970313 0.015625
0 0.848437 0.009375 0.840625 0.009375 0.839063 0.018750 0.826562 0.037500 0.825000 0.046875 0.821875 0.048438 0.821875 0.062500 0.818750 0.064062 0.818750 0.070312 0.826562 0.070312 0.831250 0.056250 0.834375 0.054688 0.834375 0.046875 0.845313 0.032813 0.845313 0.017188 0.848437 0.015625
