0 0.218750 0.859375 0.210938 0.850000 0.204687 0.850000 0.196875 0.857812 0.189062 0.859375 0.185938 0.867188 0.171875 0.879687 0.153125 0.881250 0.146875 0.890625 0.140625 0.890625 0.126562 0.898438 0.121875 0.895312 0.095312 0.895312 0.084375 0.907813 0.076563 0.907813 0.064062 0.915625 0.059375 0.921875 0.057813 0.932813 0.042188 0.934375 0.039062 0.939063 0.018750 0.951562 0.004687 0.968750 0.000000 0.968750 0.000000 0.992188 0.007812 0.992188 0.015625 0.984375 0.021875 0.982812 0.021875 0.979688 0.035937 0.970313 0.040625 0.962500 0.048438 0.962500 0.053125 0.957812 0.062500 0.957812 0.065625 0.946875 0.071875 0.940625 0.079687 0.939063 0.079687 0.932813 0.092188 0.918750 0.110937 0.917188 0.112500 0.914062 0.120313 0.917188 0.139063 0.917188 0.140625 0.914062 0.153125 0.912500 0.165625 0.900000 0.184375 0.900000 0.184375 0.893750 0.196875 0.882812 0.203125 0.882812 0.214062 0.870313 0.218750 0.868750
0 0.101562 0.768750 0.095312 0.775000 0.095312 0.785937 0.110937 0.789062 0.110937 0.768750
0 0.075000 0.740625 0.065625 0.740625 0.059375 0.748437 0.059375 0.764062 0.065625 0.764062 0.075000 0.750000
0 0.148438 0.739062 0.148438 0.746875 0.156250 0.750000 0.160938 0.759375 0.181250 0.760938 0.181250 0.751563 0.173437 0.751563 0.168750 0.740625
0 0.000000 0.731250 0.000000 0.781250 0.003125 0.785937 0.009375 0.785937 0.012500 0.748437 0.009375 0.746875 0.006250 0.731250
0 0.415625 0.714063 0.390625 0.717187 0.390625 0.723437 0.382812 0.731250 0.367188 0.731250 0.360938 0.740625 0.351562 0.740625 0.343750 0.753125 0.332813 0.756250 0.332813 0.768750 0.317188 0.784375 0.307812 0.784375 0.296875 0.793750 0.281250 0.793750 0.271875 0.806250 0.267188 0.806250 0.264062 0.810937 0.254688 0.810937 0.248438 0.818750 0.242188 0.820312 0.240625 0.826562 0.226562 0.837500 0.223438 0.848437 0.246875 0.846875 0.246875 0.842187 0.256250 0.834375 0.273438 0.834375 0.295312 0.812500 0.312500 0.812500 0.315625 0.807813 0.321875 0.807813 0.331250 0.795312 0.343750 0.790625 0.345313 0.784375 0.356250 0.776563 0.356250 0.765625 0.379688 0.745313 0.396875 0.742188 0.404687 0.735938 0.414062 0.723437
0 0.131250 0.700000 0.126562 0.712500 0.126562 0.718750 0.139063 0.728125 0.164062 0.728125 0.164062 0.718750 0.150000 0.718750 0.145313 0.715625 0.145313 0.712500 0.150000 0.710938 0.150000 0.700000 0.146875 0.696875
0 0.054688 0.657813 0.054688 0.665625 0.060937 0.678125 0.067187 0.679688 0.068750 0.684375 0.075000 0.684375 0.075000 0.670312 0.067187 0.667188 0.065625 0.656250
0 0.446875 0.653125 0.434375 0.653125 0.434375 0.665625 0.429688 0.668750 0.426563 0.676562 0.406250 0.679688 0.404687 0.689063 0.410938 0.692187 0.417187 0.701562 0.426563 0.701562 0.432812 0.693750 0.448437 0.687500 0.450000 0.659375
0 0.648438 0.557813 0.629687 0.559375 0.628125 0.567187 0.609375 0.565625 0.600000 0.573438 0.593750 0.573438 0.584375 0.564063 0.560937 0.564063 0.557813 0.568750 0.546875 0.568750 0.540625 0.581250 0.525000 0.590625 0.520312 0.590625 0.517188 0.598437 0.507812 0.600000 0.506250 0.612500 0.492188 0.612500 0.490625 0.620313 0.481250 0.629687 0.473438 0.629687 0.464062 0.643750 0.457813 0.643750 0.456250 0.653125 0.489063 0.653125 0.493750 0.639062 0.503125 0.635938 0.510938 0.623437 0.520312 0.623437 0.526563 0.614062 0.532813 0.609375 0.539062 0.609375 0.557813 0.587500 0.565625 0.582812 0.573438 0.582812 0.576562 0.578125 0.585938 0.582812 0.600000 0.582812 0.603125 0.587500 0.621875 0.587500 0.637500 0.570312 0.648438 0.570312
0 0.025000 0.546875 0.025000 0.556250 0.045312 0.556250 0.048438 0.551562 0.048438 0.545312
0 0.989062 0.537500 0.973437 0.537500 0.970313 0.542188 0.956250 0.542188 0.951562 0.545312 0.951562 0.551562 0.956250 0.556250 0.965625 0.556250 0.973437 0.548438 0.989062 0.546875
0 0.320312 0.537500 0.320312 0.543750 0.329688 0.548438 0.339062 0.548438 0.343750 0.543750 0.343750 0.537500
0 0.754687 0.515625 0.746875 0.515625 0.742188 0.521875 0.735938 0.523438 0.732812 0.532813 0.718750 0.532813 0.715625 0.537500 0.706250 0.537500 0.703125 0.542188 0.685937 0.548438 0.657813 0.546875 0.656250 0.550000 0.651563 0.550000 0.651563 0.556250 0.676562 0.556250 0.678125 0.553125 0.684375 0.553125 0.690625 0.560937 0.698438 0.560937 0.703125 0.565625 0.709375 0.565625 0.712500 0.560937 0.720313 0.560937 0.723437 0.556250 0.732812 0.556250 0.734375 0.553125 0.750000 0.548438 0.750000 0.545312 0.754687 0.543750
0 0.887500 0.364063 0.876563 0.364063 0.873437 0.368750 0.865625 0.368750 0.860938 0.389062 0.850000 0.390625 0.843750 0.398438 0.828125 0.400000 0.823438 0.407813 0.810937 0.417187 0.809375 0.423438 0.806250 0.425000 0.806250 0.431250 0.798438 0.437500 0.801562 0.459375 0.790625 0.465625 0.789062 0.470313 0.779687 0.478125 0.778125 0.487500 0.770312 0.487500 0.770312 0.493750 0.775000 0.496875 0.775000 0.501563 0.765625 0.510938 0.765625 0.517188 0.768750 0.520312 0.781250 0.520312 0.782813 0.512500 0.793750 0.503125 0.795312 0.485938 0.803125 0.471875 0.804688 0.460938 0.810937 0.456250 0.810937 0.446875 0.825000 0.428125 0.835938 0.418750 0.843750 0.418750 0.851562 0.414062 0.860938 0.401562 0.864062 0.390625 0.876563 0.390625 0.885938 0.378125 0.892188 0.378125 0.892188 0.370312
0 0.943750 0.315625 0.939063 0.310937 0.925000 0.310937 0.920312 0.321875 0.910937 0.332813 0.903125 0.332813 0.896875 0.342187 0.890625 0.342187 0.885938 0.350000 0.885938 0.357812 0.912500 0.360938 0.926562 0.348438 0.926562 0.335938 0.931250 0.331250 0.943750 0.328125
0 0.871875 0.290625 0.871875 0.312500 0.881250 0.312500 0.884375 0.306250 0.895312 0.304688 0.895312 0.298438 0.889062 0.295312 0.885938 0.289062
0 0.984375 0.245312 0.978125 0.245312 0.968750 0.254688 0.965625 0.262500 0.957812 0.264062 0.942187 0.278125 0.942187 0.290625 0.960938 0.290625 0.965625 0.275000 0.982812 0.264062 0.985938 0.257812
0 0.732812 0.092188 0.704688 0.093750 0.703125 0.104688 0.695312 0.107813 0.682813 0.107813 0.678125 0.112500 0.670312 0.112500 0.667188 0.117188 0.662500 0.117188 0.659375 0.131250 0.651563 0.131250 0.650000 0.126562 0.643750 0.125000 0.642188 0.121875 0.629687 0.121875 0.625000 0.126562 0.625000 0.140625 0.642188 0.140625 0.653125 0.148438 0.671875 0.146875 0.673438 0.142187 0.685937 0.140625 0.689063 0.132812 0.695312 0.128125 0.715625 0.123438 0.715625 0.114062 0.732812 0.104688
0 0.334375 0.073438 0.334375 0.089063 0.337500 0.090625 0.337500 0.096875 0.356250 0.096875 0.356250 0.085938 0.351562 0.075000
