0 0.726562 0.965625 0.728125 0.987500 0.737500 0.989062 0.739062 0.992188 0.750000 0.992188 0.756250 0.987500 0.754687 0.968750 0.743750 0.964063
0 0.345313 0.956250 0.340625 0.960938 0.342187 0.971875 0.337500 0.975000 0.337500 0.985938 0.340625 0.990625 0.339062 0.998437 0.357812 0.998437 0.356250 0.992188 0.351562 0.989062 0.351562 0.976562 0.357812 0.968750 0.356250 0.956250
0 0.754687 0.928125 0.746875 0.928125 0.740625 0.937500 0.715625 0.939063 0.710938 0.942187 0.712500 0.951562 0.717187 0.954688 0.748437 0.953125 0.748437 0.950000 0.754687 0.945312
0 0.000000 0.956250 0.003125 0.956250 0.007812 0.950000 0.025000 0.953125 0.028125 0.948438 0.045312 0.948438 0.048438 0.945312 0.079687 0.948438 0.079687 0.925000 0.015625 0.925000 0.015625 0.937500 0.012500 0.942187 0.000000 0.942187
0 0.951562 0.918750 0.951562 0.934375 0.959375 0.934375 0.960938 0.943750 0.976562 0.943750 0.976562 0.937500 0.971875 0.932813 0.962500 0.931250 0.960938 0.918750
0 0.403125 0.918750 0.398438 0.921875 0.398438 0.935937 0.401562 0.939063 0.407813 0.939063 0.412500 0.934375 0.409375 0.918750
0 0.225000 0.865625 0.214062 0.865625 0.210938 0.854688 0.201563 0.854688 0.200000 0.857812 0.192188 0.859375 0.184375 0.871875 0.171875 0.871875 0.167187 0.876563 0.160938 0.876563 0.157812 0.881250 0.148438 0.881250 0.143750 0.885938 0.129688 0.889062 0.114062 0.898438 0.109375 0.904687 0.109375 0.912500 0.115625 0.917188 0.131250 0.917188 0.132812 0.914062 0.145313 0.912500 0.151562 0.904687 0.160938 0.904687 0.164062 0.900000 0.184375 0.895312 0.195312 0.887500 0.209375 0.885938 0.214062 0.878125 0.221875 0.878125 0.225000 0.875000
0 0.262500 0.798438 0.262500 0.812500 0.267188 0.814063 0.267188 0.826562 0.271875 0.829688 0.278125 0.829688 0.282813 0.834375 0.303125 0.834375 0.312500 0.826562 0.314063 0.821875 0.317188 0.821875 0.315625 0.806250 0.295312 0.804688 0.290625 0.810937 0.284375 0.810937 0.282813 0.806250 0.287500 0.804688 0.287500 0.796875 0.271875 0.793750
0 0.787500 0.735938 0.787500 0.740625 0.784375 0.742188 0.785937 0.757812 0.789062 0.759375 0.790625 0.767188 0.796875 0.767188 0.807813 0.753125 0.807813 0.743750 0.798438 0.735938
0 0.537500 0.692187 0.532813 0.700000 0.537500 0.715625 0.556250 0.715625 0.556250 0.696875 0.550000 0.692187
0 0.910937 0.687500 0.910937 0.704688 0.925000 0.709375 0.925000 0.714063 0.921875 0.715625 0.925000 0.728125 0.935937 0.732812 0.943750 0.732812 0.943750 0.729688 0.948438 0.728125 0.948438 0.717187 0.945312 0.712500 0.950000 0.706250 0.953125 0.706250 0.953125 0.687500 0.948438 0.687500 0.945312 0.682813 0.925000 0.682813 0.923438 0.687500
0 0.890625 0.628125 0.885938 0.634375 0.889062 0.653125 0.904687 0.653125 0.904687 0.632812 0.898438 0.628125
0 0.560937 0.628125 0.546875 0.629687 0.546875 0.635938 0.537500 0.639062 0.537500 0.648438 0.562500 0.648438 0.564063 0.634375
0 0.570312 0.600000 0.537500 0.603125 0.534375 0.607812 0.528125 0.607812 0.523438 0.615625 0.514062 0.615625 0.512500 0.612500 0.487500 0.612500 0.471875 0.625000 0.460938 0.629687 0.434375 0.626563 0.431250 0.629687 0.425000 0.629687 0.420312 0.637500 0.400000 0.640625 0.378125 0.656250 0.342187 0.665625 0.337500 0.673438 0.317188 0.682813 0.314063 0.687500 0.296875 0.687500 0.293750 0.690625 0.293750 0.696875 0.303125 0.696875 0.306250 0.703125 0.293750 0.717187 0.293750 0.735938 0.284375 0.740625 0.287500 0.760938 0.293750 0.760938 0.295312 0.745313 0.300000 0.742188 0.300000 0.734375 0.306250 0.728125 0.317188 0.723437 0.318750 0.715625 0.326562 0.712500 0.331250 0.706250 0.335938 0.706250 0.340625 0.698438 0.350000 0.696875 0.356250 0.685937 0.364063 0.684375 0.373437 0.675000 0.400000 0.675000 0.404687 0.667188 0.421875 0.667188 0.426563 0.657813 0.440625 0.653125 0.451562 0.640625 0.459375 0.640625 0.473438 0.650000 0.496875 0.653125 0.496875 0.645312 0.493750 0.642188 0.493750 0.634375 0.496875 0.631250 0.517188 0.631250 0.518750 0.628125 0.539062 0.626563 0.543750 0.621875 0.565625 0.618750 0.570312 0.614062
0 0.295312 0.595313 0.293750 0.614062 0.303125 0.615625 0.304688 0.595313
0 0.581250 0.559375 0.585938 0.562500 0.601562 0.560937 0.614062 0.553125 0.615625 0.548438 0.621875 0.546875 0.628125 0.535937 0.639062 0.534375 0.646875 0.526563 0.662500 0.529687 0.668750 0.534375 0.684375 0.535937 0.687500 0.539062 0.696875 0.539062 0.706250 0.532813 0.721875 0.535937 0.742188 0.534375 0.742188 0.528125 0.732812 0.523438 0.723437 0.523438 0.721875 0.517188 0.715625 0.510938 0.690625 0.510938 0.689063 0.506250 0.651563 0.503125 0.640625 0.510938 0.629687 0.510938 0.623437 0.520312 0.615625 0.520312 0.610938 0.528125 0.600000 0.532813 0.587500 0.532813 0.582812 0.537500
0 0.996875 0.529687 0.996875 0.520312 0.989062 0.510938 0.976562 0.506250 0.975000 0.503125 0.956250 0.501563 0.950000 0.495312 0.953125 0.489063 0.962500 0.489063 0.964063 0.485938 0.970313 0.484375 0.970313 0.468750 0.929688 0.471875 0.910937 0.465625 0.895312 0.465625 0.881250 0.478125 0.825000 0.479687 0.821875 0.482812 0.800000 0.482812 0.792188 0.492188 0.765625 0.492188 0.757812 0.506250 0.745313 0.506250 0.743750 0.509375 0.745313 0.525000 0.756250 0.525000 0.768750 0.517188 0.778125 0.517188 0.789062 0.507812 0.815625 0.509375 0.826562 0.503125 0.864062 0.504687 0.871875 0.493750 0.882812 0.493750 0.887500 0.489063 0.893750 0.489063 0.898438 0.493750 0.909375 0.493750 0.918750 0.503125 0.943750 0.503125 0.956250 0.512500 0.956250 0.517188 0.960938 0.521875 0.975000 0.520312 0.982812 0.523438 0.987500 0.529687
0 0.332813 0.446875 0.326562 0.446875 0.315625 0.453125 0.310937 0.475000 0.318750 0.475000 0.328125 0.462500 0.332813 0.462500
0 0.256250 0.398438 0.253125 0.412500 0.257812 0.420312 0.268750 0.421875 0.267188 0.401562 0.264062 0.398438
0 0.781250 0.246875 0.779687 0.259375 0.782813 0.259375 0.793750 0.273438 0.806250 0.273438 0.803125 0.257812 0.795312 0.250000
