0 0.418750 0.506250 0.409375 0.506250 0.401562 0.518750 0.392188 0.518750 0.381250 0.528125 0.390625 0.548438 0.376563 0.557813 0.373437 0.575000 0.359375 0.582812 0.346875 0.576562 0.345313 0.589063 0.332813 0.598437 0.328125 0.632812 0.323437 0.637500 0.306250 0.634375 0.292187 0.693750 0.271875 0.712500 0.262500 0.745313 0.259375 0.748437 0.254688 0.748437 0.243750 0.732812 0.243750 0.729688 0.251563 0.725000 0.245312 0.678125 0.235937 0.678125 0.231250 0.693750 0.218750 0.704688 0.228125 0.737500 0.220312 0.754687 0.231250 0.757812 0.228125 0.771875 0.251563 0.776563 0.271875 0.793750 0.289062 0.800000 0.289062 0.826562 0.303125 0.834375 0.303125 0.848437 0.310937 0.857812 0.301563 0.864062 0.301563 0.873437 0.310937 0.873437 0.314063 0.881250 0.323437 0.882812 0.328125 0.887500 0.334375 0.906250 0.320312 0.912500 0.315625 0.925000 0.304688 0.920312 0.284375 0.925000 0.281250 0.920312 0.301563 0.914062 0.312500 0.895312 0.303125 0.878125 0.293750 0.876563 0.284375 0.898438 0.267188 0.907813 0.275000 0.920312 0.271875 0.968750 0.262500 0.984375 0.262500 0.998437 0.281250 0.998437 0.282813 0.960938 0.293750 0.956250 0.295312 0.942187 0.290625 0.939063 0.293750 0.932813 0.298438 0.942187 0.318750 0.945312 0.317188 0.964063 0.310937 0.970313 0.295312 0.970313 0.301563 0.989062 0.315625 0.985938 0.315625 0.998437 0.329688 0.998437 0.342187 0.923438 0.360938 0.890625 0.365625 0.837500 0.345313 0.832812 0.339062 0.820312 0.328125 0.818750 0.312500 0.801562 0.293750 0.796875 0.282813 0.784375 0.281250 0.760938 0.301563 0.710938 0.317188 0.689063 0.317188 0.678125 0.345313 0.631250 0.379688 0.600000 0.385937 0.575000 0.401562 0.560937 0.401562 0.554688 0.418750 0.548438 0.423438 0.535937
0 0.764062 0.496875 0.759375 0.503125 0.762500 0.529687 0.770312 0.529687 0.773438 0.526563 0.771875 0.512500 0.776563 0.509375 0.775000 0.496875
0 0.503125 0.482812 0.501563 0.489063 0.496875 0.490625 0.496875 0.503125 0.501563 0.504687 0.501563 0.517188 0.509375 0.517188 0.510938 0.485938 0.509375 0.482812
0 0.810937 0.473438 0.810937 0.496875 0.814063 0.496875 0.818750 0.503125 0.826562 0.503125 0.828125 0.507812 0.846875 0.507812 0.846875 0.496875 0.840625 0.495312 0.839063 0.489063 0.823438 0.484375 0.820312 0.473438
0 0.467187 0.448437 0.457813 0.448437 0.457813 0.454688 0.448437 0.462500 0.448437 0.471875 0.462500 0.470313 0.462500 0.460938 0.467187 0.457813
0 0.507812 0.434375 0.503125 0.445312 0.504687 0.464062 0.510938 0.468750 0.520312 0.468750 0.523438 0.464062 0.523438 0.456250 0.520312 0.454688 0.523438 0.439063 0.517188 0.434375
0 0.859375 0.410938 0.850000 0.410938 0.848437 0.417187 0.837500 0.417187 0.835938 0.431250 0.846875 0.431250 0.848437 0.421875 0.857812 0.420312
0 0.517188 0.364063 0.517188 0.378125 0.526563 0.378125 0.528125 0.375000 0.537500 0.373437 0.537500 0.367188
0 0.420312 0.065625 0.407813 0.067187 0.406250 0.089063 0.414062 0.087500 0.414062 0.076563 0.420312 0.071875
0 0.526563 0.000000 0.468750 0.000000 0.510938 0.026562 0.515625 0.068750 0.493750 0.126562 0.464062 0.168750 0.434375 0.278125 0.396875 0.314063 0.382812 0.310937 0.360938 0.321875 0.348438 0.350000 0.337500 0.332813 0.335938 0.346875 0.318750 0.356250 0.307812 0.378125 0.293750 0.470313 0.315625 0.496875 0.315625 0.517188 0.293750 0.537500 0.293750 0.560937 0.271875 0.585938 0.271875 0.607812 0.240625 0.671875 0.281250 0.656250 0.281250 0.625000 0.290625 0.618750 0.298438 0.592187 0.312500 0.584375 0.321875 0.525000 0.318750 0.410938 0.334375 0.406250 0.328125 0.385937 0.339062 0.381250 0.342187 0.368750 0.346875 0.364063 0.376563 0.353125 0.407813 0.317188 0.434375 0.321875 0.439063 0.325000 0.440625 0.342187 0.425000 0.371875 0.434375 0.389062 0.426563 0.395313 0.429688 0.410938 0.412500 0.414062 0.414062 0.426563 0.429688 0.435937 0.409375 0.475000 0.412500 0.498437 0.423438 0.496875 0.431250 0.457813 0.459375 0.420312 0.457813 0.379688 0.476562 0.331250 0.476562 0.312500 0.450000 0.296875 0.459375 0.235937 0.482812 0.206250 0.481250 0.192188 0.482812 0.190625 0.498437 0.196875 0.507812 0.168750 0.521875 0.200000 0.501563 0.210938 0.501563 0.220312 0.523438 0.225000 0.523438 0.243750 0.500000 0.265625 0.478125 0.309375 0.537500 0.275000 0.553125 0.250000 0.551562 0.232813 0.539062 0.221875 0.535937 0.151562 0.548438 0.051562 0.526563 0.032813
