0 0.364063 0.596875 0.357812 0.596875 0.354687 0.607812 0.346875 0.609375 0.340625 0.617188 0.337500 0.617188 0.337500 0.626563 0.342187 0.628125 0.342187 0.632812 0.359375 0.631250 0.365625 0.621875
0 0.278125 0.567187 0.271875 0.567187 0.271875 0.570312 0.267188 0.571875 0.267188 0.592187 0.276562 0.592187 0.282813 0.587500 0.282813 0.576562
0 0.648438 0.537500 0.629687 0.537500 0.626563 0.529687 0.604688 0.529687 0.609375 0.548438 0.596875 0.553125 0.601562 0.568750 0.593750 0.575000 0.595313 0.601562 0.603125 0.604688 0.603125 0.610938 0.587500 0.620313 0.581250 0.607812 0.570312 0.609375 0.570312 0.628125 0.578125 0.632812 0.578125 0.645312 0.570312 0.656250 0.556250 0.660937 0.556250 0.673438 0.542188 0.682813 0.540625 0.698438 0.528125 0.718750 0.528125 0.731250 0.520312 0.735938 0.518750 0.750000 0.523438 0.753125 0.520312 0.756250 0.506250 0.757812 0.501563 0.764062 0.501563 0.793750 0.492188 0.796875 0.496875 0.806250 0.493750 0.832812 0.498437 0.839063 0.485938 0.853125 0.490625 0.862500 0.485938 0.868750 0.471875 0.865625 0.475000 0.850000 0.464062 0.846875 0.470313 0.818750 0.460938 0.818750 0.457813 0.867188 0.434375 0.906250 0.434375 0.931250 0.453125 0.929688 0.445312 0.939063 0.450000 0.951562 0.423438 0.956250 0.417187 0.967187 0.409375 0.951562 0.403125 0.951562 0.400000 0.964063 0.396875 0.960938 0.396875 0.951562 0.390625 0.951562 0.395313 0.971875 0.392188 0.976562 0.387500 0.973437 0.382812 0.951562 0.373437 0.951562 0.373437 0.956250 0.362500 0.960938 0.351562 0.973437 0.348438 0.989062 0.339062 0.998437 0.373437 0.998437 0.375000 0.992188 0.384375 0.987500 0.393750 0.987500 0.396875 0.990625 0.389062 0.998437 0.404687 0.998437 0.432812 0.965625 0.457813 0.965625 0.476562 0.925000 0.496875 0.904687 0.501563 0.876563 0.517188 0.851562 0.517188 0.840625 0.526563 0.834375 0.539062 0.801562 0.564063 0.775000 0.587500 0.731250 0.595313 0.675000 0.606250 0.653125 0.614062 0.607812 0.625000 0.585938 0.635938 0.581250 0.645312 0.570312
0 0.287500 0.525000 0.287500 0.535937 0.282813 0.537500 0.284375 0.546875 0.293750 0.546875 0.295312 0.525000
0 0.121875 0.487500 0.114062 0.487500 0.107813 0.495312 0.104688 0.506250 0.107813 0.521875 0.117188 0.521875
0 0.631250 0.457813 0.623437 0.457813 0.618750 0.467187 0.612500 0.470313 0.612500 0.478125 0.607812 0.481250 0.607812 0.495312 0.618750 0.493750 0.621875 0.482812 0.632812 0.481250
0 0.531250 0.457813 0.529687 0.468750 0.540625 0.475000 0.546875 0.475000 0.550000 0.468750 0.546875 0.456250
0 0.367188 0.434375 0.359375 0.434375 0.348438 0.440625 0.345313 0.445312 0.343750 0.459375 0.357812 0.457813 0.360938 0.446875 0.367188 0.445312
0 0.525000 0.342187 0.525000 0.353125 0.528125 0.354687 0.529687 0.367188 0.535937 0.367188 0.534375 0.342187
0 0.904687 0.000000 0.881250 0.003125 0.881250 0.009375 0.871875 0.012500 0.871875 0.020313 0.862500 0.025000 0.859375 0.034375 0.846875 0.026562 0.850000 0.010937 0.832812 0.015625 0.810937 0.039062 0.810937 0.045312 0.789062 0.070312 0.787500 0.081250 0.776563 0.093750 0.775000 0.109375 0.767188 0.117188 0.767188 0.131250 0.775000 0.134375 0.775000 0.140625 0.770312 0.143750 0.740625 0.148438 0.735938 0.164062 0.721875 0.181250 0.714063 0.221875 0.726562 0.225000 0.731250 0.257812 0.726562 0.260937 0.723437 0.259375 0.723437 0.239063 0.707812 0.226562 0.696875 0.229687 0.696875 0.239063 0.682813 0.259375 0.667188 0.332813 0.668750 0.351562 0.676562 0.356250 0.673438 0.367188 0.678125 0.371875 0.665625 0.384375 0.671875 0.401562 0.665625 0.404687 0.665625 0.426563 0.660937 0.429688 0.660937 0.450000 0.670312 0.450000 0.681250 0.442188 0.692187 0.470313 0.689063 0.485938 0.682813 0.490625 0.682813 0.514062 0.675000 0.525000 0.678125 0.539062 0.689063 0.534375 0.689063 0.523438 0.706250 0.493750 0.706250 0.471875 0.698438 0.465625 0.698438 0.442188 0.704688 0.406250 0.710938 0.400000 0.706250 0.392188 0.710938 0.387500 0.710938 0.348438 0.715625 0.328125 0.725000 0.320312 0.732812 0.301563 0.732812 0.289062 0.746875 0.273438 0.746875 0.260937 0.759375 0.242188 0.759375 0.212500 0.776563 0.198437 0.776563 0.187500 0.795312 0.178125 0.804688 0.167187 0.825000 0.128125 0.825000 0.115625 0.839063 0.103125 0.839063 0.092188 0.851562 0.087500 0.856250 0.067187 0.881250 0.050000 0.885938 0.039062 0.895312 0.034375
