0 0.542188 0.968750 0.528125 0.968750 0.525000 0.973437 0.515625 0.975000 0.503125 0.987500 0.503125 0.993750 0.509375 0.998437 0.517188 0.998437 0.528125 0.979688 0.539062 0.979688
0 0.028125 0.954688 0.028125 0.962500 0.032813 0.964063 0.032813 0.975000 0.039062 0.975000 0.039062 0.956250
0 0.465625 0.906250 0.460938 0.909375 0.460938 0.939063 0.471875 0.942187 0.470313 0.920312 0.473438 0.918750 0.473438 0.907813
0 0.709375 0.729688 0.704688 0.740625 0.706250 0.759375 0.718750 0.759375 0.725000 0.751563 0.725000 0.745313 0.720313 0.739062 0.720313 0.731250
0 0.407813 0.712500 0.404687 0.717187 0.404687 0.728125 0.409375 0.732812 0.418750 0.732812 0.418750 0.717187 0.414062 0.712500
0 0.653125 0.604688 0.651563 0.631250 0.662500 0.631250 0.662500 0.604688
0 0.693750 0.600000 0.695312 0.609375 0.709375 0.612500 0.718750 0.610938 0.718750 0.604688 0.710938 0.600000
0 0.453125 0.426563 0.453125 0.450000 0.456250 0.453125 0.462500 0.453125 0.462500 0.431250 0.459375 0.426563
0 0.856250 0.385937 0.856250 0.393750 0.862500 0.396875 0.904687 0.393750 0.904687 0.385937 0.875000 0.385937 0.873437 0.382812
0 0.737500 0.353125 0.735938 0.370312 0.742188 0.375000 0.756250 0.376563 0.756250 0.368750 0.746875 0.365625 0.745313 0.353125
0 0.775000 0.318750 0.776563 0.328125 0.796875 0.329688 0.796875 0.320312
0 0.937500 0.104688 0.928125 0.104688 0.926562 0.109375 0.915625 0.109375 0.915625 0.117188 0.920312 0.120313 0.929688 0.120313 0.937500 0.112500
0 0.909375 0.085938 0.900000 0.085938 0.898438 0.089063 0.898438 0.109375 0.904687 0.109375 0.904687 0.103125 0.909375 0.096875
0 0.281250 0.003125 0.275000 0.056250 0.293750 0.089063 0.298438 0.225000 0.317188 0.239063 0.317188 0.225000 0.329688 0.225000 0.326562 0.212500 0.335938 0.212500 0.332813 0.243750 0.320312 0.253125 0.332813 0.276562 0.359375 0.289062 0.342187 0.393750 0.356250 0.409375 0.367188 0.409375 0.367188 0.396875 0.370312 0.393750 0.378125 0.393750 0.382812 0.435937 0.417187 0.501563 0.418750 0.534375 0.406250 0.575000 0.425000 0.590625 0.425000 0.614062 0.448437 0.614062 0.453125 0.645312 0.475000 0.656250 0.482812 0.679688 0.514062 0.695312 0.498437 0.707812 0.517188 0.710938 0.509375 0.726562 0.526563 0.723437 0.528125 0.743750 0.537500 0.746875 0.537500 0.759375 0.545312 0.764062 0.540625 0.779687 0.554688 0.787500 0.550000 0.837500 0.564063 0.842187 0.567187 0.876563 0.585938 0.889062 0.570312 0.906250 0.585938 0.909375 0.579688 0.921875 0.589063 0.923438 0.593750 0.928125 0.600000 0.950000 0.609375 0.950000 0.617188 0.934375 0.614062 0.909375 0.595313 0.864062 0.576562 0.839063 0.556250 0.726562 0.543750 0.718750 0.539062 0.693750 0.526563 0.678125 0.493750 0.659375 0.492188 0.643750 0.462500 0.615625 0.457813 0.589063 0.440625 0.570312 0.435937 0.476562 0.410938 0.450000 0.396875 0.409375 0.409375 0.285938 0.375000 0.251563 0.348438 0.193750 0.353125 0.128125 0.339062 0.046875 0.325000 0.039062 0.303125 0.000000
