0 0.184375 0.989062 0.167187 0.987500 0.154688 0.995313 0.142187 0.998437 0.184375 0.998437
0 0.665625 0.929688 0.660937 0.934375 0.660937 0.943750 0.681250 0.953125 0.682813 0.957812 0.687500 0.959375 0.687500 0.965625 0.695312 0.973437 0.696875 0.982812 0.700000 0.984375 0.700000 0.995313 0.703125 0.998437 0.712500 0.998437 0.710938 0.953125 0.698438 0.948438 0.698438 0.943750 0.703125 0.942187 0.703125 0.931250 0.693750 0.931250 0.692187 0.935937 0.685937 0.937500 0.679688 0.929688
0 0.600000 0.770312 0.600000 0.789062 0.606250 0.792188 0.607812 0.801562 0.612500 0.804688 0.617188 0.815625 0.625000 0.817187 0.629687 0.834375 0.634375 0.835938 0.634375 0.843750 0.629687 0.845313 0.629687 0.851562 0.625000 0.854688 0.625000 0.868750 0.629687 0.871875 0.629687 0.889062 0.634375 0.890625 0.634375 0.895312 0.629687 0.896875 0.629687 0.926562 0.631250 0.931250 0.645312 0.931250 0.648438 0.926562 0.648438 0.901563 0.643750 0.895312 0.648438 0.882812 0.648438 0.818750 0.646875 0.814063 0.639062 0.814063 0.631250 0.809375 0.621875 0.789062 0.614062 0.782813 0.614062 0.775000 0.610938 0.775000 0.609375 0.770312
0 0.543750 0.521875 0.537500 0.531250 0.537500 0.542188 0.540625 0.543750 0.546875 0.562500 0.554688 0.571875 0.554688 0.596875 0.559375 0.604688 0.559375 0.635938 0.562500 0.635938 0.564063 0.643750 0.576562 0.653125 0.576562 0.700000 0.573438 0.701562 0.573438 0.720313 0.576562 0.721875 0.578125 0.745313 0.581250 0.748437 0.581250 0.759375 0.585938 0.764062 0.593750 0.764062 0.598437 0.759375 0.600000 0.737500 0.596875 0.734375 0.596875 0.728125 0.592187 0.725000 0.592187 0.715625 0.587500 0.712500 0.587500 0.695312 0.592187 0.692187 0.592187 0.668750 0.587500 0.665625 0.587500 0.648438 0.578125 0.640625 0.575000 0.632812 0.575000 0.571875 0.565625 0.556250 0.565625 0.550000 0.556250 0.540625 0.551562 0.521875
0 0.184375 0.514062 0.175000 0.514062 0.168750 0.520312 0.165625 0.543750 0.181250 0.543750 0.181250 0.532813 0.185938 0.529687
0 0.128125 0.496875 0.126562 0.501563 0.121875 0.503125 0.121875 0.518750 0.137500 0.521875 0.137500 0.515625 0.134375 0.512500 0.134375 0.496875
0 0.165625 0.479687 0.165625 0.485938 0.171875 0.485938 0.175000 0.493750 0.184375 0.493750 0.189062 0.496875 0.201563 0.493750 0.204687 0.498437 0.220312 0.496875 0.220312 0.481250 0.190625 0.479687 0.182812 0.473438 0.168750 0.473438
0 0.578125 0.323437 0.564063 0.323437 0.564063 0.353125 0.560937 0.354687 0.560937 0.367188 0.564063 0.368750 0.562500 0.387500 0.568750 0.407813 0.565625 0.440625 0.573438 0.450000 0.570312 0.470313 0.562500 0.479687 0.554688 0.482812 0.550000 0.500000 0.551562 0.512500 0.559375 0.512500 0.567187 0.506250 0.570312 0.496875 0.581250 0.484375 0.582812 0.476562 0.587500 0.475000 0.590625 0.468750 0.590625 0.460938 0.587500 0.457813 0.587500 0.432812 0.582812 0.421875 0.582812 0.404687 0.578125 0.401562 0.578125 0.393750 0.573438 0.390625 0.570312 0.381250 0.573438 0.371875 0.582812 0.365625 0.584375 0.360938 0.587500 0.360938 0.587500 0.331250
0 0.523438 0.256250 0.520312 0.259375 0.520312 0.287500 0.531250 0.304688 0.545312 0.307812 0.546875 0.298438 0.543750 0.296875 0.543750 0.290625 0.539062 0.289062 0.539062 0.279687 0.534375 0.275000 0.534375 0.260937 0.529687 0.256250
0 0.775000 0.021875 0.812500 0.021875 0.815625 0.017188 0.825000 0.017188 0.828125 0.012500 0.839063 0.009375 0.840625 0.004687 0.854688 0.004687 0.856250 0.000000 0.779687 0.000000 0.775000 0.006250
0 0.012500 0.000000 0.040625 0.021875 0.062500 0.021875 0.117188 0.057813 0.143750 0.062500 0.164062 0.079687 0.187500 0.082812 0.192188 0.092188 0.207813 0.092188 0.221875 0.114062 0.273438 0.110937 0.282813 0.115625 0.284375 0.123438 0.339062 0.123438 0.360938 0.109375 0.407813 0.109375 0.415625 0.070312 0.435937 0.060937 0.443750 0.048438 0.462500 0.048438 0.465625 0.092188 0.453125 0.104688 0.451562 0.123438 0.467187 0.129688 0.471875 0.134375 0.478125 0.150000 0.476562 0.179688 0.492188 0.181250 0.500000 0.185938 0.510938 0.215625 0.520312 0.215625 0.537500 0.187500 0.557813 0.179688 0.573438 0.159375 0.609375 0.162500 0.631250 0.143750 0.642188 0.123438 0.670312 0.128125 0.687500 0.081250 0.692187 0.075000 0.750000 0.079687 0.773438 0.053125 0.771875 0.039062 0.757812 0.037500 0.739062 0.051562 0.696875 0.056250 0.689063 0.075000 0.679688 0.076563 0.671875 0.090625 0.648438 0.095312 0.628125 0.121875 0.600000 0.126562 0.568750 0.156250 0.528125 0.175000 0.484375 0.135937 0.476562 0.079687 0.484375 0.046875 0.467187 0.025000 0.417187 0.025000 0.417187 0.034375 0.429688 0.040625 0.420312 0.051562 0.400000 0.056250 0.385937 0.096875 0.376563 0.101562 0.339062 0.100000 0.270313 0.078125 0.237500 0.076563 0.204687 0.060937 0.193750 0.042188 0.151562 0.037500 0.078125 0.000000
