0 0.345313 0.604688 0.375000 0.603125 0.390625 0.606250 0.404687 0.598437 0.404687 0.590625 0.350000 0.590625 0.350000 0.593750 0.345313 0.595313
0 0.190625 0.573438 0.190625 0.582812 0.196875 0.584375 0.214062 0.582812 0.217188 0.578125 0.217188 0.568750 0.198437 0.568750
0 0.135937 0.582812 0.146875 0.582812 0.146875 0.570312 0.151562 0.567187 0.160938 0.573438 0.168750 0.573438 0.178125 0.570312 0.178125 0.564063 0.171875 0.559375 0.156250 0.560937 0.151562 0.550000 0.140625 0.550000
0 0.998437 0.398438 0.981250 0.404687 0.975000 0.417187 0.960938 0.425000 0.946875 0.425000 0.925000 0.435937 0.889062 0.443750 0.875000 0.453125 0.859375 0.456250 0.856250 0.460938 0.837500 0.460938 0.823438 0.473438 0.779687 0.481250 0.764062 0.492188 0.748437 0.495312 0.714063 0.492188 0.710938 0.496875 0.651563 0.503125 0.646875 0.506250 0.648438 0.517188 0.639062 0.526563 0.629687 0.526563 0.626563 0.532813 0.612500 0.534375 0.612500 0.542188 0.600000 0.546875 0.590625 0.564063 0.576562 0.564063 0.564063 0.573438 0.542188 0.571875 0.535937 0.581250 0.512500 0.585938 0.504687 0.595313 0.498437 0.590625 0.485938 0.590625 0.467187 0.607812 0.459375 0.607812 0.459375 0.614062 0.467187 0.618750 0.481250 0.618750 0.484375 0.614062 0.504687 0.618750 0.509375 0.606250 0.546875 0.601562 0.553125 0.592187 0.575000 0.592187 0.585938 0.582812 0.595313 0.582812 0.601562 0.567187 0.614062 0.565625 0.621875 0.546875 0.640625 0.550000 0.637500 0.535937 0.639062 0.531250 0.671875 0.531250 0.676562 0.526563 0.696875 0.521875 0.718750 0.525000 0.726562 0.517188 0.770312 0.517188 0.785937 0.512500 0.795312 0.503125 0.823438 0.503125 0.834375 0.489063 0.848437 0.489063 0.853125 0.484375 0.865625 0.484375 0.875000 0.476562 0.887500 0.476562 0.906250 0.462500 0.912500 0.467187 0.945312 0.462500 0.948438 0.451562 0.954688 0.446875 0.979688 0.450000 0.990625 0.432812 0.998437 0.432812
0 0.353125 0.214062 0.353125 0.217188 0.348438 0.218750 0.348438 0.225000 0.357812 0.228125 0.362500 0.237500 0.371875 0.237500 0.375000 0.234375 0.371875 0.214062
0 0.498437 0.167187 0.481250 0.168750 0.471875 0.175000 0.467187 0.175000 0.467187 0.185938 0.470313 0.189062 0.487500 0.189062 0.496875 0.176563
0 0.173437 0.171875 0.173437 0.179688 0.181250 0.179688 0.182812 0.176563 0.193750 0.178125 0.193750 0.175000 0.201563 0.168750 0.215625 0.181250 0.210938 0.189062 0.189062 0.187500 0.182812 0.195312 0.184375 0.210938 0.181250 0.214062 0.175000 0.214062 0.170313 0.218750 0.170313 0.225000 0.192188 0.225000 0.195312 0.220312 0.214062 0.220312 0.220312 0.225000 0.235937 0.225000 0.239063 0.220312 0.254688 0.220312 0.257812 0.215625 0.262500 0.215625 0.262500 0.207813 0.271875 0.198437 0.282813 0.198437 0.285938 0.207813 0.268750 0.209375 0.268750 0.215625 0.285938 0.221875 0.293750 0.229687 0.306250 0.229687 0.309375 0.225000 0.309375 0.214062 0.306250 0.207813 0.298438 0.206250 0.290625 0.195312 0.290625 0.189062 0.295312 0.184375 0.295312 0.173437 0.290625 0.170313 0.289062 0.160938 0.279687 0.160938 0.276562 0.164062 0.267188 0.162500 0.264062 0.165625 0.251563 0.165625 0.248438 0.160938 0.237500 0.160938 0.229687 0.175000 0.223438 0.171875 0.221875 0.160938 0.184375 0.160938 0.184375 0.168750
0 0.153125 0.160938 0.135937 0.160938 0.135937 0.176563 0.131250 0.179688 0.131250 0.189062 0.135937 0.192188 0.137500 0.198437 0.126562 0.206250 0.126562 0.210938 0.121875 0.214062 0.123438 0.229687 0.120313 0.235937 0.104688 0.237500 0.100000 0.251563 0.095312 0.254688 0.082812 0.253125 0.068750 0.267188 0.065625 0.279687 0.034375 0.281250 0.029687 0.289062 0.015625 0.289062 0.012500 0.293750 0.000000 0.293750 0.000000 0.326562 0.014063 0.329688 0.010937 0.332813 0.000000 0.332813 0.000000 0.343750 0.003125 0.343750 0.007812 0.351562 0.048438 0.353125 0.051562 0.348438 0.056250 0.348438 0.059375 0.351562 0.070312 0.353125 0.073438 0.348438 0.079687 0.348438 0.079687 0.342187 0.082812 0.339062 0.079687 0.323437 0.084375 0.320312 0.084375 0.314063 0.096875 0.304688 0.106250 0.303125 0.114062 0.290625 0.128125 0.290625 0.128125 0.281250 0.123438 0.278125 0.123438 0.260937 0.128125 0.256250 0.128125 0.251563 0.135937 0.246875 0.140625 0.237500 0.146875 0.232813 0.146875 0.223438 0.156250 0.220312 0.154688 0.203125 0.150000 0.193750 0.154688 0.190625 0.156250 0.165625
0 0.576562 0.095312 0.571875 0.095312 0.570312 0.092188 0.564063 0.092188 0.562500 0.095312 0.546875 0.095312 0.546875 0.103125 0.550000 0.106250 0.571875 0.106250 0.576562 0.101562
0 0.928125 0.029687 0.925000 0.026562 0.917188 0.026562 0.915625 0.034375 0.896875 0.034375 0.896875 0.048438 0.915625 0.045312 0.917188 0.039062 0.926562 0.039062
0 0.929688 0.007812 0.929688 0.017188 0.935937 0.023438 0.942187 0.025000 0.939063 0.048438 0.945312 0.048438 0.946875 0.045312 0.953125 0.043750 0.953125 0.037500 0.960938 0.035937 0.965625 0.031250 0.975000 0.035937 0.998437 0.034375 0.998437 0.017188 0.982812 0.018750 0.981250 0.007812 0.970313 0.007812 0.962500 0.025000 0.954688 0.025000 0.946875 0.018750 0.946875 0.012500 0.940625 0.010937 0.939063 0.007812
0 0.821875 0.004687 0.804688 0.000000 0.779687 0.012500 0.773438 0.025000 0.735938 0.020313 0.723437 0.040625 0.712500 0.046875 0.678125 0.046875 0.673438 0.056250 0.656250 0.054688 0.650000 0.060937 0.642188 0.060937 0.634375 0.075000 0.625000 0.076563 0.621875 0.089063 0.615625 0.085938 0.614062 0.078125 0.600000 0.078125 0.593750 0.092188 0.607812 0.089063 0.612500 0.092188 0.609375 0.095312 0.590625 0.100000 0.582812 0.112500 0.546875 0.117188 0.542188 0.101562 0.515625 0.100000 0.512500 0.110937 0.503125 0.117188 0.503125 0.128125 0.492188 0.134375 0.487500 0.143750 0.464062 0.139063 0.450000 0.146875 0.445312 0.134375 0.435937 0.134375 0.425000 0.143750 0.425000 0.151562 0.439063 0.156250 0.434375 0.165625 0.426563 0.165625 0.420312 0.175000 0.412500 0.175000 0.409375 0.179688 0.367188 0.179688 0.367188 0.189062 0.398438 0.201563 0.400000 0.209375 0.390625 0.218750 0.390625 0.232813 0.395313 0.237500 0.418750 0.237500 0.423438 0.234375 0.420312 0.209375 0.431250 0.193750 0.435937 0.171875 0.448437 0.164062 0.467187 0.167187 0.473438 0.159375 0.492188 0.162500 0.492188 0.146875 0.510938 0.145313 0.507812 0.131250 0.512500 0.123438 0.518750 0.126562 0.518750 0.143750 0.523438 0.150000 0.560937 0.150000 0.564063 0.137500 0.582812 0.140625 0.585938 0.132812 0.596875 0.131250 0.607812 0.118750 0.626563 0.123438 0.648438 0.103125 0.662500 0.101562 0.664062 0.093750 0.673438 0.087500 0.689063 0.087500 0.703125 0.078125 0.760938 0.065625 0.765625 0.057813 0.776563 0.053125 0.796875 0.053125 0.806250 0.035937 0.807813 0.015625 0.821875 0.012500
