0 0.925000 0.912500 0.925000 0.926562 0.929688 0.931250 0.939063 0.931250 0.943750 0.926562 0.948438 0.926562 0.948438 0.918750 0.957812 0.914062 0.968750 0.921875 0.968750 0.926562 0.975000 0.926562 0.978125 0.931250 0.992188 0.931250 0.993750 0.939063 0.998437 0.939063 0.998437 0.918750 0.989062 0.912500 0.975000 0.912500 0.970313 0.907813 0.960938 0.907813 0.959375 0.903125 0.953125 0.903125 0.950000 0.898438 0.939063 0.898438 0.939063 0.901563
0 0.706250 0.890625 0.690625 0.890625 0.685937 0.898438 0.675000 0.898438 0.675000 0.914062 0.678125 0.917188 0.684375 0.917188 0.689063 0.909375 0.701562 0.912500 0.707812 0.901563
0 0.843750 0.853125 0.845313 0.868750 0.850000 0.873437 0.857812 0.873437 0.876563 0.895312 0.890625 0.900000 0.893750 0.904687 0.907813 0.904687 0.909375 0.909375 0.921875 0.907813 0.921875 0.898438 0.914062 0.892188 0.912500 0.885938 0.904687 0.882812 0.893750 0.885938 0.882812 0.875000 0.882812 0.865625 0.875000 0.860938 0.870313 0.850000 0.854688 0.845313 0.848437 0.853125
0 0.685937 0.801562 0.687500 0.815625 0.693750 0.820312 0.729688 0.817187 0.742188 0.828125 0.742188 0.834375 0.754687 0.834375 0.770312 0.851562 0.782813 0.851562 0.790625 0.843750 0.848437 0.843750 0.848437 0.837500 0.843750 0.832812 0.839063 0.832812 0.837500 0.828125 0.832812 0.828125 0.831250 0.823438 0.815625 0.823438 0.809375 0.828125 0.793750 0.828125 0.789062 0.832812 0.770312 0.832812 0.762500 0.825000 0.754687 0.823438 0.750000 0.810937 0.734375 0.806250 0.732812 0.801562 0.726562 0.796875 0.720313 0.796875 0.712500 0.789062 0.700000 0.789062 0.692187 0.792188
0 0.634375 0.753125 0.634375 0.764062 0.637500 0.765625 0.639062 0.771875 0.650000 0.771875 0.656250 0.776563 0.667188 0.778125 0.668750 0.781250 0.675000 0.781250 0.679688 0.776563 0.679688 0.765625 0.670312 0.762500 0.667188 0.757812 0.654687 0.757812 0.650000 0.753125
0 0.576562 0.709375 0.576562 0.721875 0.595313 0.723437 0.598437 0.728125 0.606250 0.728125 0.612500 0.737500 0.623437 0.737500 0.625000 0.734375 0.631250 0.732812 0.631250 0.709375 0.620313 0.703125 0.618750 0.687500 0.607812 0.687500 0.603125 0.692187 0.603125 0.698438 0.612500 0.703125 0.612500 0.706250 0.604688 0.712500 0.592187 0.707812
0 0.000000 0.581250 0.000000 0.600000 0.009375 0.600000 0.014063 0.604688 0.031250 0.604688 0.046875 0.614062 0.070312 0.614062 0.076563 0.623437 0.104688 0.618750 0.107813 0.623437 0.121875 0.623437 0.125000 0.626563 0.139063 0.628125 0.145313 0.621875 0.154688 0.621875 0.164062 0.614062 0.176563 0.614062 0.182812 0.609375 0.187500 0.614062 0.229687 0.614062 0.235937 0.626563 0.248438 0.626563 0.250000 0.623437 0.273438 0.623437 0.290625 0.631250 0.304688 0.631250 0.309375 0.626563 0.309375 0.615625 0.306250 0.612500 0.295312 0.610938 0.293750 0.607812 0.281250 0.607812 0.279687 0.604688 0.262500 0.607812 0.259375 0.603125 0.250000 0.603125 0.246875 0.600000 0.246875 0.593750 0.201563 0.593750 0.193750 0.598437 0.182812 0.598437 0.175000 0.606250 0.157812 0.607812 0.154688 0.603125 0.135937 0.603125 0.128125 0.595313 0.117188 0.595313 0.096875 0.571875 0.078125 0.571875 0.062500 0.582812
0 0.351562 0.581250 0.350000 0.596875 0.356250 0.596875 0.362500 0.592187 0.378125 0.592187 0.381250 0.587500 0.392188 0.590625 0.414062 0.578125 0.421875 0.578125 0.435937 0.592187 0.445312 0.592187 0.454688 0.596875 0.459375 0.604688 0.485938 0.606250 0.492188 0.614062 0.506250 0.621875 0.506250 0.628125 0.509375 0.628125 0.514062 0.635938 0.520312 0.635938 0.525000 0.643750 0.531250 0.645312 0.542188 0.656250 0.542188 0.662500 0.551562 0.662500 0.554688 0.670312 0.560937 0.673438 0.573438 0.671875 0.585938 0.684375 0.607812 0.684375 0.607812 0.676562 0.601562 0.670312 0.584375 0.664062 0.571875 0.651563 0.559375 0.651563 0.554688 0.648438 0.548438 0.639062 0.548438 0.634375 0.534375 0.629687 0.520312 0.612500 0.512500 0.609375 0.509375 0.600000 0.495312 0.598437 0.482812 0.585938 0.475000 0.585938 0.462500 0.571875 0.454688 0.568750 0.454688 0.564063 0.450000 0.559375 0.443750 0.559375 0.440625 0.554688 0.428125 0.554688 0.417187 0.564063 0.406250 0.564063 0.403125 0.568750 0.371875 0.570312 0.365625 0.576562 0.356250 0.576562
0 0.281250 0.545312 0.281250 0.554688 0.289062 0.570312 0.295312 0.570312 0.307812 0.564063 0.307812 0.551562 0.293750 0.545312
0 0.632812 0.012500 0.600000 0.006250 0.523438 0.010937 0.478125 0.034375 0.457813 0.034375 0.443750 0.042188 0.420312 0.042188 0.409375 0.051562 0.390625 0.051562 0.382812 0.064062 0.364063 0.068750 0.360938 0.073438 0.323437 0.073438 0.298438 0.085938 0.296875 0.093750 0.292187 0.096875 0.271875 0.100000 0.256250 0.109375 0.235937 0.107813 0.225000 0.121875 0.210938 0.117188 0.204687 0.125000 0.192188 0.126562 0.185938 0.134375 0.175000 0.135937 0.167187 0.153125 0.157812 0.153125 0.145313 0.160938 0.134375 0.179688 0.104688 0.179688 0.103125 0.193750 0.085938 0.201563 0.078125 0.220312 0.029687 0.262500 0.029687 0.271875 0.014063 0.275000 0.007812 0.284375 0.000000 0.284375 0.000000 0.329688 0.054688 0.301563 0.056250 0.292187 0.070312 0.281250 0.071875 0.270313 0.087500 0.257812 0.087500 0.245312 0.101562 0.237500 0.112500 0.220312 0.150000 0.215625 0.164062 0.198437 0.171875 0.198437 0.185938 0.171875 0.201563 0.175000 0.231250 0.150000 0.246875 0.150000 0.251563 0.140625 0.262500 0.150000 0.300000 0.145313 0.300000 0.140625 0.307812 0.137500 0.310937 0.121875 0.314063 0.118750 0.339062 0.123438 0.351562 0.109375 0.360938 0.106250 0.376563 0.109375 0.395313 0.096875 0.414062 0.096875 0.420312 0.084375 0.435937 0.084375 0.442188 0.075000 0.473438 0.075000 0.487500 0.064062 0.528125 0.048438 0.542188 0.048438 0.557813 0.039062 0.578125 0.039062 0.601562 0.023438 0.631250 0.021875
0 0.615625 0.040625 0.628125 0.042188 0.629687 0.039062 0.635938 0.039062 0.639062 0.043750 0.650000 0.043750 0.651563 0.040625 0.662500 0.042188 0.667188 0.034375 0.667188 0.025000 0.657813 0.015625 0.665625 0.007812 0.670312 0.012500 0.692187 0.012500 0.696875 0.004687 0.707812 0.003125 0.709375 0.012500 0.718750 0.018750 0.732812 0.018750 0.737500 0.014063 0.750000 0.021875 0.781250 0.021875 0.784375 0.017188 0.795312 0.017188 0.801562 0.007812 0.823438 0.004687 0.823438 0.000000 0.728125 0.000000 0.725000 0.006250 0.710938 0.004687 0.707812 0.000000 0.653125 0.000000 0.648438 0.007812 0.639062 0.010937 0.639062 0.018750 0.643750 0.021875 0.643750 0.029687 0.634375 0.034375 0.631250 0.028125 0.621875 0.028125 0.615625 0.032813
