0 0.606250 0.468750 0.589063 0.470313 0.584375 0.476562 0.584375 0.482812 0.596875 0.484375 0.606250 0.479687
0 0.737500 0.407813 0.728125 0.407813 0.726562 0.412500 0.712500 0.417187 0.707812 0.425000 0.700000 0.425000 0.696875 0.428125 0.696875 0.435937 0.703125 0.440625 0.720313 0.440625 0.721875 0.432812 0.732812 0.432812 0.732812 0.425000 0.737500 0.423438
0 0.434375 0.392188 0.434375 0.406250 0.443750 0.407813 0.448437 0.414062 0.457813 0.414062 0.460938 0.409375 0.487500 0.414062 0.506250 0.409375 0.509375 0.401562 0.515625 0.401562 0.528125 0.418750 0.548438 0.417187 0.606250 0.429688 0.612500 0.437500 0.612500 0.450000 0.629687 0.456250 0.634375 0.462500 0.646875 0.462500 0.656250 0.476562 0.656250 0.493750 0.675000 0.495312 0.687500 0.517188 0.715625 0.509375 0.742188 0.509375 0.746875 0.515625 0.759375 0.512500 0.762500 0.517188 0.782813 0.517188 0.793750 0.525000 0.818750 0.526563 0.821875 0.534375 0.846875 0.534375 0.850000 0.529687 0.854688 0.529687 0.857812 0.539062 0.864062 0.539062 0.865625 0.535937 0.873437 0.539062 0.892188 0.539062 0.895312 0.534375 0.907813 0.534375 0.912500 0.526563 0.978125 0.525000 0.987500 0.539062 0.998437 0.539062 0.998437 0.509375 0.993750 0.504687 0.950000 0.506250 0.915625 0.518750 0.885938 0.515625 0.881250 0.507812 0.867188 0.506250 0.860938 0.492188 0.853125 0.490625 0.848437 0.482812 0.823438 0.482812 0.814063 0.492188 0.729688 0.492188 0.725000 0.487500 0.709375 0.487500 0.709375 0.492188 0.700000 0.496875 0.689063 0.479687 0.662500 0.467187 0.656250 0.446875 0.643750 0.437500 0.626563 0.431250 0.626563 0.412500 0.618750 0.412500 0.609375 0.404687 0.589063 0.403125 0.579688 0.407813 0.571875 0.398438 0.562500 0.395313 0.540625 0.398438 0.534375 0.390625 0.504687 0.395313 0.501563 0.400000 0.464062 0.400000 0.457813 0.387500
0 0.496875 0.357812 0.493750 0.364063 0.493750 0.375000 0.512500 0.378125 0.512500 0.360938 0.509375 0.357812
0 0.400000 0.359375 0.379688 0.359375 0.378125 0.350000 0.375000 0.346875 0.367188 0.346875 0.367188 0.356250 0.375000 0.360938 0.375000 0.370312 0.353125 0.373437 0.348438 0.384375 0.343750 0.381250 0.343750 0.371875 0.351562 0.370312 0.354687 0.365625 0.354687 0.356250 0.351562 0.353125 0.343750 0.353125 0.337500 0.370312 0.326562 0.378125 0.321875 0.378125 0.312500 0.371875 0.309375 0.362500 0.293750 0.364063 0.295312 0.373437 0.292187 0.376563 0.284375 0.376563 0.281250 0.371875 0.275000 0.371875 0.268750 0.364063 0.254688 0.365625 0.250000 0.375000 0.250000 0.387500 0.253125 0.389062 0.253125 0.396875 0.268750 0.396875 0.275000 0.392188 0.295312 0.392188 0.298438 0.387500 0.342187 0.395313 0.348438 0.389062 0.368750 0.387500 0.370312 0.384375 0.389062 0.384375 0.400000 0.371875
0 0.282813 0.334375 0.259375 0.339062 0.259375 0.348438 0.262500 0.350000 0.264062 0.356250 0.271875 0.356250 0.273438 0.345313 0.282813 0.342187
0 0.428125 0.351562 0.456250 0.351562 0.460938 0.343750 0.473438 0.342187 0.475000 0.332813 0.471875 0.328125 0.465625 0.328125 0.460938 0.332813 0.453125 0.332813 0.451562 0.325000 0.440625 0.323437 0.437500 0.325000 0.437500 0.335938 0.429688 0.337500
0 0.007812 0.307812 0.000000 0.307812 0.000000 0.329688 0.007812 0.325000
0 0.007812 0.237500 0.006250 0.251563 0.014063 0.253125 0.018750 0.246875 0.026562 0.246875 0.031250 0.239063 0.034375 0.242188 0.034375 0.265625 0.029687 0.268750 0.032813 0.290625 0.039062 0.290625 0.040625 0.285938 0.046875 0.282813 0.051562 0.295312 0.060937 0.295312 0.062500 0.287500 0.070312 0.282813 0.076563 0.273438 0.098437 0.281250 0.112500 0.281250 0.114062 0.278125 0.140625 0.281250 0.143750 0.290625 0.151562 0.293750 0.153125 0.303125 0.181250 0.304688 0.200000 0.334375 0.217188 0.335938 0.221875 0.329688 0.229687 0.331250 0.234375 0.335938 0.229687 0.339062 0.232813 0.348438 0.246875 0.348438 0.246875 0.332813 0.253125 0.329688 0.253125 0.320312 0.246875 0.317188 0.251563 0.310937 0.257812 0.310937 0.260937 0.314063 0.264062 0.325000 0.273438 0.325000 0.281250 0.318750 0.301563 0.334375 0.317188 0.334375 0.323437 0.329688 0.328125 0.337500 0.340625 0.334375 0.350000 0.340625 0.357812 0.340625 0.362500 0.331250 0.375000 0.326562 0.381250 0.329688 0.382812 0.339062 0.431250 0.334375 0.431250 0.326562 0.421875 0.320312 0.395313 0.323437 0.387500 0.315625 0.373437 0.315625 0.370312 0.318750 0.356250 0.320312 0.351562 0.326562 0.339062 0.326562 0.339062 0.307812 0.292187 0.310937 0.282813 0.306250 0.268750 0.289062 0.257812 0.289062 0.254688 0.293750 0.235937 0.293750 0.201563 0.267188 0.195312 0.267188 0.181250 0.254688 0.171875 0.251563 0.167187 0.245312 0.151562 0.240625 0.140625 0.228125 0.120313 0.225000 0.114062 0.218750 0.095312 0.218750 0.092188 0.223438 0.050000 0.223438 0.043750 0.218750 0.020313 0.218750 0.018750 0.229687 0.014063 0.235937
0 0.421875 0.117188 0.404687 0.117188 0.400000 0.129688 0.385937 0.131250 0.385937 0.143750 0.393750 0.143750 0.396875 0.137500 0.420312 0.132812 0.423438 0.128125
0 0.998437 0.020313 0.982812 0.020313 0.975000 0.032813 0.951562 0.034375 0.937500 0.046875 0.925000 0.046875 0.925000 0.065625 0.904687 0.067187 0.890625 0.078125 0.885938 0.090625 0.854688 0.092188 0.853125 0.107813 0.850000 0.110937 0.834375 0.114062 0.832812 0.128125 0.821875 0.139063 0.806250 0.143750 0.806250 0.150000 0.793750 0.165625 0.779687 0.175000 0.776563 0.185938 0.748437 0.192188 0.743750 0.206250 0.729688 0.214062 0.709375 0.214062 0.703125 0.223438 0.690625 0.228125 0.692187 0.243750 0.689063 0.246875 0.673438 0.250000 0.656250 0.245312 0.637500 0.267188 0.625000 0.267188 0.601562 0.284375 0.568750 0.289062 0.554688 0.303125 0.531250 0.304688 0.518750 0.298438 0.510938 0.310937 0.476562 0.315625 0.478125 0.328125 0.495312 0.334375 0.492188 0.348438 0.506250 0.348438 0.507812 0.335938 0.518750 0.326562 0.521875 0.331250 0.517188 0.351562 0.534375 0.351562 0.540625 0.343750 0.565625 0.343750 0.568750 0.339062 0.581250 0.339062 0.584375 0.334375 0.600000 0.334375 0.615625 0.321875 0.626563 0.321875 0.632812 0.314063 0.648438 0.314063 0.657813 0.306250 0.660937 0.295312 0.687500 0.282813 0.703125 0.265625 0.734375 0.264062 0.735938 0.256250 0.750000 0.246875 0.753125 0.237500 0.764062 0.237500 0.770312 0.229687 0.781250 0.228125 0.787500 0.215625 0.810937 0.210938 0.807813 0.201563 0.817187 0.198437 0.821875 0.184375 0.835938 0.171875 0.837500 0.156250 0.854688 0.146875 0.860938 0.135937 0.876563 0.128125 0.900000 0.128125 0.915625 0.110937 0.926562 0.106250 0.931250 0.087500 0.934375 0.084375 0.953125 0.087500 0.981250 0.062500 0.998437 0.057813
