0 0.825000 0.946875 0.825000 0.953125 0.828125 0.954688 0.825000 0.973437 0.834375 0.975000 0.837500 0.970313 0.837500 0.953125 0.832812 0.951562 0.831250 0.946875
0 0.464062 0.834375 0.464062 0.859375 0.475000 0.860938 0.481250 0.851562 0.492188 0.851562 0.492188 0.843750 0.482812 0.843750 0.479687 0.832812
0 0.375000 0.775000 0.364063 0.775000 0.354687 0.784375 0.337500 0.784375 0.332813 0.792188 0.323437 0.792188 0.325000 0.812500 0.310937 0.825000 0.304688 0.825000 0.296875 0.835938 0.289062 0.837500 0.285938 0.845313 0.271875 0.853125 0.271875 0.862500 0.268750 0.864062 0.267188 0.870313 0.254688 0.876563 0.251563 0.881250 0.228125 0.881250 0.223438 0.887500 0.210938 0.889062 0.201563 0.898438 0.195312 0.898438 0.189062 0.903125 0.175000 0.903125 0.173437 0.967187 0.157812 0.978125 0.148438 0.978125 0.148438 0.982812 0.135937 0.987500 0.129688 0.998437 0.153125 0.998437 0.165625 0.985938 0.179688 0.985938 0.193750 0.965625 0.193750 0.954688 0.198437 0.951562 0.198437 0.929688 0.203125 0.926562 0.203125 0.921875 0.210938 0.918750 0.217188 0.909375 0.231250 0.904687 0.234375 0.900000 0.240625 0.900000 0.248438 0.895312 0.268750 0.893750 0.317188 0.846875 0.318750 0.832812 0.321875 0.829688 0.334375 0.829688 0.337500 0.825000 0.353125 0.823438 0.356250 0.815625 0.362500 0.812500 0.365625 0.801562 0.373437 0.793750
0 0.753125 0.735938 0.750000 0.740625 0.750000 0.757812 0.759375 0.757812 0.759375 0.753125 0.764062 0.750000 0.764062 0.735938
0 0.451562 0.715625 0.448437 0.718750 0.448437 0.734375 0.457813 0.735938 0.460938 0.717187
0 0.673438 0.665625 0.665625 0.665625 0.662500 0.671875 0.653125 0.675000 0.642188 0.675000 0.642188 0.681250 0.645312 0.684375 0.656250 0.685937 0.653125 0.712500 0.654687 0.720313 0.660937 0.720313 0.662500 0.714063 0.673438 0.714063 0.676562 0.709375 0.676562 0.703125 0.670312 0.693750 0.671875 0.689063 0.676562 0.689063
0 0.457813 0.621875 0.451562 0.621875 0.451562 0.629687 0.448437 0.631250 0.443750 0.653125 0.437500 0.656250 0.435937 0.670312 0.439063 0.671875 0.439063 0.676562 0.434375 0.679688 0.432812 0.698438 0.425000 0.703125 0.420312 0.715625 0.412500 0.717187 0.412500 0.723437 0.403125 0.728125 0.400000 0.739062 0.395313 0.737500 0.393750 0.720313 0.385937 0.718750 0.385937 0.729688 0.373437 0.731250 0.370312 0.739062 0.365625 0.740625 0.364063 0.764062 0.370312 0.764062 0.370312 0.757812 0.373437 0.754687 0.398438 0.754687 0.404687 0.740625 0.426563 0.740625 0.426563 0.734375 0.434375 0.728125 0.435937 0.715625 0.440625 0.712500 0.446875 0.684375 0.457813 0.667188 0.457813 0.653125 0.462500 0.646875 0.462500 0.632812
0 0.537500 0.546875 0.507812 0.553125 0.501563 0.556250 0.501563 0.562500 0.504687 0.567187 0.529687 0.565625 0.537500 0.553125
0 0.829688 0.525000 0.821875 0.529687 0.821875 0.535937 0.828125 0.539062 0.831250 0.559375 0.839063 0.559375 0.842187 0.531250 0.837500 0.525000
0 0.725000 0.523438 0.721875 0.525000 0.725000 0.543750 0.732812 0.543750 0.734375 0.525000
0 0.262500 0.417187 0.262500 0.435937 0.271875 0.435937 0.279687 0.426563 0.282813 0.426563 0.282813 0.420312
0 0.828125 0.403125 0.828125 0.414062 0.834375 0.414062 0.837500 0.421875 0.843750 0.421875 0.845313 0.418750 0.864062 0.418750 0.864062 0.412500 0.848437 0.409375 0.839063 0.400000 0.831250 0.400000
0 0.604688 0.373437 0.600000 0.382812 0.600000 0.395313 0.614062 0.393750 0.612500 0.373437
0 0.164062 0.303125 0.157812 0.307812 0.157812 0.315625 0.164062 0.320312 0.164062 0.325000 0.175000 0.325000 0.179688 0.320312 0.181250 0.304688
0 0.781250 0.295312 0.781250 0.317188 0.790625 0.328125 0.798438 0.328125 0.800000 0.315625 0.793750 0.310937 0.792188 0.298438 0.789062 0.295312
0 0.723437 0.248438 0.709375 0.250000 0.701562 0.271875 0.703125 0.290625 0.687500 0.292187 0.693750 0.310937 0.689063 0.314063 0.682813 0.306250 0.670312 0.306250 0.665625 0.310937 0.662500 0.329688 0.671875 0.335938 0.671875 0.342187 0.653125 0.360938 0.656250 0.400000 0.650000 0.431250 0.640625 0.442188 0.634375 0.460938 0.618750 0.460938 0.621875 0.485938 0.604688 0.492188 0.603125 0.510938 0.585938 0.510938 0.573438 0.526563 0.575000 0.560937 0.565625 0.565625 0.551562 0.582812 0.559375 0.648438 0.529687 0.707812 0.521875 0.712500 0.512500 0.728125 0.501563 0.735938 0.504687 0.746875 0.514062 0.746875 0.525000 0.732812 0.531250 0.732812 0.539062 0.725000 0.540625 0.715625 0.548438 0.710938 0.556250 0.695312 0.557813 0.682813 0.565625 0.676562 0.565625 0.665625 0.575000 0.653125 0.575000 0.626563 0.578125 0.623437 0.570312 0.590625 0.578125 0.585938 0.579688 0.576562 0.590625 0.562500 0.587500 0.543750 0.600000 0.534375 0.604688 0.521875 0.621875 0.521875 0.626563 0.517188 0.628125 0.496875 0.634375 0.492188 0.637500 0.476562 0.665625 0.442188 0.670312 0.421875 0.664062 0.415625 0.667188 0.414062 0.670312 0.400000 0.684375 0.384375 0.689063 0.342187 0.701562 0.339062 0.710938 0.323437 0.715625 0.289062 0.720313 0.284375 0.720313 0.271875 0.725000 0.268750
0 0.243750 0.225000 0.223438 0.228125 0.220312 0.231250 0.220312 0.237500 0.232813 0.237500 0.237500 0.231250 0.243750 0.231250
0 0.471875 0.223438 0.471875 0.245312 0.481250 0.245312 0.489063 0.237500 0.489063 0.228125 0.481250 0.221875
0 0.862500 0.206250 0.862500 0.210938 0.857812 0.215625 0.859375 0.223438 0.887500 0.225000 0.884375 0.206250
0 0.301563 0.203125 0.303125 0.225000 0.309375 0.225000 0.312500 0.221875 0.312500 0.207813 0.307812 0.203125
0 0.645312 0.198437 0.643750 0.215625 0.646875 0.220312 0.656250 0.220312 0.660937 0.203125 0.659375 0.200000
0 0.403125 0.110937 0.404687 0.134375 0.410938 0.134375 0.414062 0.137500 0.434375 0.134375 0.434375 0.126562 0.428125 0.109375
0 0.807813 0.000000 0.784375 0.000000 0.784375 0.009375 0.787500 0.014063 0.779687 0.020313 0.779687 0.032813 0.784375 0.035937 0.782813 0.070312 0.798438 0.085938 0.801562 0.109375 0.807813 0.109375 0.814063 0.115625 0.810937 0.120313 0.810937 0.137500 0.801562 0.145313 0.793750 0.156250 0.792188 0.164062 0.782813 0.175000 0.779687 0.175000 0.764062 0.192188 0.753125 0.192188 0.748437 0.196875 0.746875 0.207813 0.750000 0.210938 0.743750 0.214062 0.743750 0.221875 0.746875 0.226562 0.742188 0.234375 0.742188 0.248438 0.751563 0.246875 0.756250 0.234375 0.773438 0.215625 0.776563 0.215625 0.776563 0.204687 0.781250 0.201563 0.781250 0.196875 0.784375 0.193750 0.795312 0.193750 0.803125 0.185938 0.804688 0.175000 0.815625 0.162500 0.817187 0.153125 0.823438 0.142187 0.829688 0.137500 0.829688 0.104688 0.818750 0.096875 0.818750 0.085938 0.807813 0.082812 0.803125 0.070312 0.803125 0.034375 0.800000 0.031250 0.800000 0.025000 0.807813 0.020313
