0 0.428125 0.965625 0.428125 0.975000 0.451562 0.975000 0.451562 0.967187 0.448437 0.965625
0 0.481250 0.815625 0.479687 0.826562 0.482812 0.828125 0.484375 0.851562 0.493750 0.853125 0.493750 0.834375 0.489063 0.828125 0.489063 0.815625
0 0.056250 0.787500 0.043750 0.785937 0.034375 0.795312 0.034375 0.803125 0.025000 0.806250 0.026562 0.820312 0.042188 0.817187 0.057813 0.818750 0.062500 0.812500 0.062500 0.800000 0.056250 0.793750
0 0.492188 0.762500 0.485938 0.762500 0.479687 0.767188 0.473438 0.778125 0.473438 0.796875 0.485938 0.795312 0.487500 0.782813 0.496875 0.779687 0.496875 0.770312
0 0.435937 0.743750 0.431250 0.746875 0.431250 0.764062 0.443750 0.764062 0.446875 0.745313
0 0.675000 0.656250 0.675000 0.665625 0.679688 0.668750 0.679688 0.676562 0.687500 0.676562 0.684375 0.656250
0 0.617188 0.414062 0.606250 0.412500 0.606250 0.432812 0.595313 0.426563 0.585938 0.426563 0.585938 0.446875 0.589063 0.448437 0.589063 0.453125 0.585938 0.454688 0.585938 0.471875 0.581250 0.473438 0.579688 0.484375 0.590625 0.484375 0.595313 0.479687 0.614062 0.479687 0.614062 0.468750 0.610938 0.465625 0.614062 0.459375 0.614062 0.446875 0.606250 0.445312 0.604688 0.440625 0.617188 0.435937 0.620313 0.428125 0.620313 0.417187
0 0.775000 0.368750 0.775000 0.387500 0.793750 0.387500 0.795312 0.390625 0.803125 0.392188 0.812500 0.390625 0.810937 0.373437 0.804688 0.371875 0.798438 0.359375 0.787500 0.359375 0.782813 0.365625
0 0.164062 0.223438 0.159375 0.231250 0.159375 0.237500 0.175000 0.237500 0.176563 0.240625 0.185938 0.242188 0.185938 0.246875 0.179688 0.250000 0.179688 0.259375 0.193750 0.257812 0.193750 0.250000 0.201563 0.246875 0.201563 0.240625 0.204687 0.237500 0.209375 0.237500 0.209375 0.229687 0.206250 0.229687 0.201563 0.223438 0.179688 0.226562 0.175000 0.220312
0 0.735938 0.210938 0.735938 0.217188 0.739062 0.218750 0.735938 0.223438 0.735938 0.239063 0.748437 0.237500 0.754687 0.225000 0.754687 0.215625 0.748437 0.210938
0 0.751563 0.010937 0.753125 0.021875 0.767188 0.021875 0.773438 0.018750 0.773438 0.010937 0.770312 0.006250 0.754687 0.006250
0 0.807813 0.000000 0.779687 0.000000 0.792188 0.026562 0.790625 0.065625 0.807813 0.076563 0.792188 0.076563 0.800000 0.103125 0.796875 0.104688 0.770312 0.090625 0.771875 0.073438 0.748437 0.078125 0.748437 0.123438 0.726562 0.168750 0.726562 0.189062 0.745313 0.198437 0.753125 0.151562 0.759375 0.145313 0.770312 0.143750 0.759375 0.114062 0.768750 0.110937 0.790625 0.110937 0.803125 0.157812 0.784375 0.165625 0.798438 0.195312 0.762500 0.235937 0.770312 0.257812 0.757812 0.265625 0.735938 0.245312 0.732812 0.259375 0.706250 0.271875 0.698438 0.307812 0.656250 0.367188 0.607812 0.385937 0.625000 0.412500 0.639062 0.407813 0.646875 0.417187 0.634375 0.431250 0.639062 0.450000 0.621875 0.448437 0.634375 0.475000 0.621875 0.478125 0.620313 0.517188 0.610938 0.521875 0.607812 0.528125 0.603125 0.557813 0.609375 0.564063 0.606250 0.567187 0.579688 0.573438 0.570312 0.553125 0.559375 0.553125 0.559375 0.589063 0.579688 0.600000 0.559375 0.617188 0.573438 0.646875 0.545312 0.670312 0.539062 0.703125 0.534375 0.709375 0.523438 0.714063 0.517188 0.735938 0.514062 0.739062 0.492188 0.740625 0.492188 0.756250 0.514062 0.753125 0.520312 0.776563 0.532813 0.779687 0.492188 0.867188 0.493750 0.889062 0.490625 0.890625 0.454688 0.867188 0.464062 0.895312 0.481250 0.895312 0.479687 0.912500 0.495312 0.926562 0.495312 0.957812 0.478125 0.957812 0.481250 0.998437 0.517188 0.998437 0.517188 0.865625 0.557813 0.820312 0.560937 0.745313 0.570312 0.740625 0.575000 0.701562 0.593750 0.696875 0.635938 0.614062 0.635938 0.515625 0.657813 0.479687 0.679688 0.389062 0.703125 0.343750 0.748437 0.334375 0.737500 0.315625 0.739062 0.312500 0.750000 0.312500 0.762500 0.329688 0.795312 0.253125 0.812500 0.237500 0.807813 0.207813 0.821875 0.160938 0.812500 0.156250 0.817187 0.139063 0.803125 0.112500 0.839063 0.110937 0.842187 0.079687
0 0.604688 0.000000 0.606250 0.020313 0.618750 0.021875 0.625000 0.015625 0.625000 0.006250 0.620313 0.000000
