0 0.481250 0.959375 0.482812 0.975000 0.496875 0.975000 0.503125 0.970313 0.503125 0.960938
0 0.085938 0.806250 0.085938 0.812500 0.092188 0.812500 0.096875 0.818750 0.103125 0.820312 0.104688 0.825000 0.117188 0.823438 0.117188 0.817187 0.110937 0.815625 0.106250 0.804688 0.090625 0.801562
0 0.042188 0.762500 0.042188 0.776563 0.054688 0.785937 0.067187 0.807813 0.078125 0.806250 0.079687 0.798438 0.087500 0.793750 0.089063 0.782813 0.078125 0.781250 0.076563 0.789062 0.070312 0.789062 0.067187 0.781250 0.067187 0.757812 0.060937 0.757812 0.054688 0.762500
0 0.501563 0.710938 0.492188 0.715625 0.487500 0.721875 0.487500 0.745313 0.482812 0.748437 0.482812 0.754687 0.475000 0.764062 0.475000 0.785937 0.470313 0.790625 0.470313 0.818750 0.487500 0.840625 0.487500 0.885938 0.492188 0.889062 0.492188 0.895312 0.501563 0.907813 0.501563 0.914062 0.509375 0.925000 0.510938 0.935937 0.520312 0.935937 0.525000 0.942187 0.531250 0.942187 0.537500 0.950000 0.537500 0.981250 0.528125 0.987500 0.528125 0.998437 0.592187 0.998437 0.592187 0.981250 0.585938 0.973437 0.578125 0.970313 0.570312 0.959375 0.570312 0.953125 0.564063 0.951562 0.560937 0.948438 0.560937 0.942187 0.556250 0.939063 0.535937 0.934375 0.526563 0.918750 0.526563 0.912500 0.529687 0.909375 0.529687 0.892188 0.521875 0.882812 0.521875 0.865625 0.517188 0.862500 0.517188 0.857812 0.510938 0.854688 0.507812 0.840625 0.503125 0.835938 0.500000 0.815625 0.493750 0.807813 0.493750 0.787500 0.490625 0.784375 0.493750 0.776563 0.503125 0.770312 0.503125 0.750000 0.509375 0.742188 0.512500 0.742188 0.512500 0.712500
0 0.510938 0.670312 0.515625 0.676562 0.526563 0.676562 0.526563 0.673438 0.531250 0.671875 0.531250 0.665625 0.526563 0.660937 0.512500 0.660937
0 0.998437 0.643750 0.995313 0.643750 0.992188 0.651563 0.987500 0.651563 0.985938 0.659375 0.978125 0.668750 0.976562 0.690625 0.968750 0.700000 0.968750 0.709375 0.973437 0.712500 0.973437 0.717187 0.982812 0.715625 0.998437 0.693750
0 0.239063 0.625000 0.239063 0.631250 0.248438 0.637500 0.248438 0.643750 0.265625 0.650000 0.267188 0.653125 0.273438 0.653125 0.275000 0.646875 0.282813 0.639062 0.282813 0.632812 0.270313 0.626563 0.264062 0.626563 0.260937 0.634375 0.251563 0.634375 0.246875 0.625000
0 0.217188 0.604688 0.214062 0.607812 0.214062 0.618750 0.218750 0.620313 0.218750 0.626563 0.228125 0.626563 0.232813 0.621875 0.232813 0.607812 0.228125 0.604688
0 0.000000 0.560937 0.000000 0.589063 0.007812 0.587500 0.004687 0.562500
0 0.429688 0.537500 0.426563 0.542188 0.429688 0.578125 0.432812 0.578125 0.434375 0.582812 0.443750 0.589063 0.443750 0.592187 0.465625 0.604688 0.465625 0.609375 0.475000 0.617188 0.482812 0.639062 0.492188 0.639062 0.496875 0.635938 0.493750 0.600000 0.490625 0.600000 0.489063 0.595313 0.485938 0.595313 0.484375 0.590625 0.475000 0.584375 0.475000 0.581250 0.459375 0.579688 0.454688 0.571875 0.454688 0.567187 0.457813 0.565625 0.454688 0.551562 0.442188 0.542188 0.440625 0.537500
0 0.054688 0.537500 0.053125 0.557813 0.059375 0.557813 0.065625 0.550000 0.068750 0.565625 0.081250 0.567187 0.081250 0.590625 0.062500 0.598437 0.062500 0.604688 0.085938 0.637500 0.073438 0.678125 0.085938 0.681250 0.084375 0.698438 0.092188 0.707812 0.092188 0.717187 0.104688 0.725000 0.103125 0.742188 0.109375 0.745313 0.104688 0.762500 0.125000 0.778125 0.128125 0.792188 0.137500 0.796875 0.134375 0.810937 0.148438 0.804688 0.154688 0.821875 0.193750 0.832812 0.223438 0.859375 0.218750 0.870313 0.223438 0.895312 0.215625 0.900000 0.206250 0.920312 0.195312 0.917188 0.189062 0.920312 0.189062 0.904687 0.182812 0.898438 0.181250 0.876563 0.170313 0.862500 0.171875 0.850000 0.165625 0.846875 0.165625 0.840625 0.154688 0.831250 0.129688 0.829688 0.131250 0.839063 0.153125 0.848437 0.153125 0.873437 0.165625 0.885938 0.160938 0.918750 0.170313 0.923438 0.175000 0.935937 0.170313 0.945312 0.170313 0.976562 0.157812 0.998437 0.193750 0.998437 0.189062 0.971875 0.209375 0.957812 0.212500 0.946875 0.228125 0.948438 0.237500 0.929688 0.237500 0.915625 0.243750 0.909375 0.251563 0.879687 0.251563 0.853125 0.223438 0.829688 0.218750 0.818750 0.198437 0.812500 0.193750 0.801562 0.162500 0.793750 0.156250 0.784375 0.140625 0.781250 0.132812 0.751563 0.135937 0.725000 0.110937 0.701562 0.103125 0.654687 0.096875 0.646875 0.096875 0.612500 0.092188 0.609375 0.096875 0.564063 0.075000 0.542188
0 0.418750 0.457813 0.407813 0.457813 0.406250 0.476562 0.400000 0.484375 0.398438 0.507812 0.407813 0.507812 0.423438 0.482812 0.423438 0.468750 0.418750 0.465625
0 0.000000 0.446875 0.000000 0.539062 0.020313 0.542188 0.021875 0.531250 0.032813 0.529687 0.034375 0.520312 0.026562 0.514062 0.026562 0.510938 0.021875 0.509375 0.021875 0.487500 0.010937 0.481250 0.004687 0.471875 0.004687 0.448437
0 0.190625 0.400000 0.187500 0.418750 0.192188 0.421875 0.212500 0.423438 0.218750 0.417187 0.217188 0.406250 0.210938 0.404687 0.209375 0.398438
0 0.410938 0.293750 0.409375 0.303125 0.412500 0.304688 0.412500 0.312500 0.425000 0.332813 0.429688 0.335938 0.429688 0.345313 0.417187 0.350000 0.420312 0.370312 0.417187 0.401562 0.421875 0.410938 0.421875 0.428125 0.431250 0.428125 0.440625 0.425000 0.440625 0.385937 0.437500 0.382812 0.435937 0.350000 0.445312 0.348438 0.448437 0.343750 0.448437 0.315625 0.453125 0.312500 0.453125 0.304688 0.442188 0.301563 0.434375 0.293750
0 0.371875 0.214062 0.373437 0.232813 0.379688 0.237500 0.389062 0.237500 0.392188 0.243750 0.400000 0.243750 0.400000 0.232813 0.393750 0.225000 0.379688 0.214062
0 0.310937 0.151562 0.306250 0.156250 0.306250 0.162500 0.310937 0.168750 0.307812 0.173437 0.307812 0.182812 0.315625 0.195312 0.328125 0.193750 0.325000 0.160938 0.320312 0.151562
0 0.282813 0.104688 0.273438 0.104688 0.264062 0.114062 0.264062 0.140625 0.278125 0.140625 0.289062 0.131250 0.289062 0.121875 0.285938 0.120313
0 0.184375 0.000000 0.187500 0.009375 0.190625 0.009375 0.196875 0.018750 0.201563 0.021875 0.212500 0.021875 0.212500 0.010937 0.207813 0.000000
