0 0.110937 0.582812 0.103125 0.582812 0.098437 0.585938 0.095312 0.581250 0.081250 0.581250 0.078125 0.585938 0.073438 0.585938 0.073438 0.592187 0.068750 0.600000 0.062500 0.603125 0.020313 0.603125 0.017188 0.610938 0.000000 0.607812 0.000000 0.631250 0.012500 0.631250 0.014063 0.626563 0.029687 0.626563 0.032813 0.621875 0.070312 0.618750 0.071875 0.614062 0.087500 0.614062 0.089063 0.609375 0.096875 0.606250 0.098437 0.592187 0.110937 0.592187
0 0.293750 0.564063 0.285938 0.559375 0.279687 0.559375 0.275000 0.564063 0.276562 0.575000 0.271875 0.576562 0.273438 0.587500 0.281250 0.587500 0.281250 0.584375 0.285938 0.582812 0.285938 0.576562 0.293750 0.573438
0 0.498437 0.537500 0.489063 0.537500 0.487500 0.540625 0.471875 0.545312 0.471875 0.551562 0.484375 0.551562 0.487500 0.546875 0.498437 0.545312
0 0.317188 0.542188 0.317188 0.548438 0.335938 0.553125 0.342187 0.570312 0.353125 0.570312 0.367188 0.590625 0.381250 0.598437 0.385937 0.617188 0.420312 0.650000 0.462500 0.640625 0.465625 0.650000 0.479687 0.648438 0.482812 0.657813 0.501563 0.662500 0.539062 0.653125 0.542188 0.640625 0.575000 0.637500 0.581250 0.653125 0.590625 0.657813 0.640625 0.662500 0.659375 0.684375 0.695312 0.684375 0.718750 0.696875 0.723437 0.706250 0.746875 0.706250 0.754687 0.715625 0.767188 0.718750 0.790625 0.706250 0.825000 0.710938 0.829688 0.701562 0.851562 0.706250 0.859375 0.693750 0.895312 0.689063 0.948438 0.618750 0.962500 0.621875 0.975000 0.607812 0.996875 0.609375 0.998437 0.579688 0.990625 0.573438 0.942187 0.573438 0.935937 0.581250 0.925000 0.581250 0.921875 0.590625 0.912500 0.590625 0.900000 0.620313 0.881250 0.631250 0.881250 0.646875 0.873437 0.651563 0.823438 0.651563 0.806250 0.660937 0.779687 0.660937 0.760938 0.675000 0.726562 0.678125 0.692187 0.639062 0.639062 0.639062 0.614062 0.618750 0.614062 0.607812 0.604688 0.612500 0.601562 0.607812 0.562500 0.606250 0.529687 0.564063 0.510938 0.564063 0.504687 0.573438 0.465625 0.576562 0.465625 0.582812 0.476562 0.585938 0.473438 0.590625 0.443750 0.585938 0.432812 0.595313 0.407813 0.600000 0.382812 0.579688 0.375000 0.556250 0.351562 0.525000 0.329688 0.520312 0.328125 0.535937
0 0.000000 0.579688 0.023438 0.579688 0.032813 0.575000 0.057813 0.578125 0.067187 0.560937 0.076563 0.560937 0.079687 0.554688 0.090625 0.554688 0.093750 0.550000 0.109375 0.543750 0.117188 0.553125 0.115625 0.570312 0.142187 0.570312 0.157812 0.584375 0.157812 0.587500 0.189062 0.587500 0.189062 0.576562 0.182812 0.576562 0.168750 0.568750 0.143750 0.565625 0.140625 0.548438 0.146875 0.543750 0.165625 0.556250 0.175000 0.556250 0.178125 0.560937 0.185938 0.560937 0.192188 0.570312 0.210938 0.570312 0.218750 0.565625 0.231250 0.568750 0.235937 0.560937 0.243750 0.560937 0.246875 0.553125 0.264062 0.551562 0.279687 0.556250 0.279687 0.546875 0.284375 0.542188 0.290625 0.542188 0.293750 0.545312 0.293750 0.554688 0.300000 0.554688 0.303125 0.545312 0.312500 0.539062 0.314063 0.525000 0.304688 0.515625 0.285938 0.515625 0.278125 0.520312 0.264062 0.521875 0.257812 0.532813 0.250000 0.532813 0.246875 0.537500 0.240625 0.537500 0.237500 0.546875 0.212500 0.546875 0.203125 0.532813 0.182812 0.532813 0.176563 0.528125 0.160938 0.529687 0.154688 0.525000 0.140625 0.525000 0.131250 0.517188 0.121875 0.515625 0.118750 0.510938 0.104688 0.510938 0.104688 0.514062 0.090625 0.525000 0.087500 0.537500 0.079687 0.542188 0.075000 0.550000 0.070312 0.550000 0.065625 0.554688 0.028125 0.554688 0.000000 0.559375
0 0.110937 0.237500 0.100000 0.235937 0.100000 0.239063 0.092188 0.245312 0.082812 0.245312 0.082812 0.248438 0.071875 0.257812 0.056250 0.264062 0.050000 0.271875 0.039062 0.271875 0.037500 0.275000 0.004687 0.281250 0.000000 0.284375 0.000000 0.290625 0.004687 0.290625 0.006250 0.293750 0.028125 0.295312 0.029687 0.290625 0.048438 0.285938 0.050000 0.281250 0.068750 0.273438 0.070312 0.270313 0.084375 0.268750 0.085938 0.264062 0.096875 0.264062 0.107813 0.251563 0.110937 0.251563
0 0.278125 0.218750 0.271875 0.218750 0.268750 0.223438 0.256250 0.223438 0.256250 0.231250 0.267188 0.234375 0.276562 0.232813
0 0.298438 0.034375 0.298438 0.040625 0.293750 0.042188 0.293750 0.060937 0.298438 0.064062 0.298438 0.070312 0.306250 0.070312 0.312500 0.062500 0.312500 0.037500 0.307812 0.034375
0 0.278125 0.042188 0.268750 0.042188 0.265625 0.032813 0.259375 0.032813 0.259375 0.039062 0.262500 0.040625 0.260937 0.056250 0.254688 0.051562 0.240625 0.051562 0.226562 0.059375 0.210938 0.060937 0.206250 0.089063 0.196875 0.095312 0.196875 0.126562 0.187500 0.139063 0.182812 0.160938 0.171875 0.170313 0.165625 0.170313 0.160938 0.176563 0.151562 0.179688 0.148438 0.185938 0.135937 0.195312 0.135937 0.203125 0.126562 0.209375 0.120313 0.218750 0.117188 0.218750 0.118750 0.228125 0.126562 0.228125 0.134375 0.220312 0.140625 0.220312 0.140625 0.214062 0.146875 0.210938 0.146875 0.203125 0.151562 0.198437 0.167187 0.198437 0.167187 0.190625 0.170313 0.185938 0.189062 0.184375 0.192188 0.160938 0.198437 0.156250 0.206250 0.139063 0.207813 0.114062 0.218750 0.093750 0.220312 0.078125 0.228125 0.070312 0.260937 0.070312 0.262500 0.056250 0.281250 0.056250 0.281250 0.046875
0 0.303125 0.021875 0.306250 0.026562 0.328125 0.026562 0.334375 0.021875 0.339062 0.010937 0.346875 0.004687 0.353125 0.004687 0.354687 0.000000 0.320312 0.000000 0.318750 0.003125 0.310937 0.003125 0.303125 0.009375
