0 0.118750 0.982812 0.125000 0.982812 0.126562 0.979688 0.145313 0.978125 0.145313 0.970313 0.129688 0.968750 0.118750 0.975000
0 0.048438 0.968750 0.048438 0.975000 0.062500 0.992188 0.073438 0.992188 0.076563 0.981250 0.079687 0.981250 0.081250 0.987500 0.085938 0.989062 0.098437 0.987500 0.096875 0.978125 0.089063 0.976562 0.087500 0.970313 0.081250 0.970313 0.079687 0.967187 0.073438 0.967187 0.070312 0.964063 0.051562 0.964063
0 0.042188 0.925000 0.043750 0.945312 0.050000 0.945312 0.056250 0.934375 0.054688 0.925000
0 0.801562 0.903125 0.801562 0.914062 0.804688 0.915625 0.825000 0.914062 0.829688 0.910937 0.829688 0.904687 0.820312 0.898438 0.812500 0.898438
0 0.640625 0.867188 0.634375 0.871875 0.634375 0.889062 0.640625 0.890625 0.639062 0.906250 0.646875 0.906250 0.648438 0.893750 0.643750 0.892188 0.643750 0.885938 0.650000 0.879687 0.648438 0.867188
0 0.479687 0.532813 0.478125 0.543750 0.481250 0.556250 0.489063 0.556250 0.489063 0.532813
0 0.354687 0.121875 0.342187 0.189062 0.342187 0.262500 0.315625 0.318750 0.323437 0.351562 0.315625 0.365625 0.325000 0.368750 0.325000 0.387500 0.342187 0.420312 0.337500 0.440625 0.346875 0.443750 0.351562 0.467187 0.378125 0.503125 0.418750 0.526563 0.448437 0.618750 0.476562 0.629687 0.481250 0.640625 0.501563 0.634375 0.514062 0.668750 0.531250 0.660937 0.532813 0.664062 0.520312 0.689063 0.531250 0.692187 0.540625 0.673438 0.568750 0.710938 0.601562 0.720313 0.607812 0.734375 0.595313 0.739062 0.595313 0.757812 0.620313 0.756250 0.643750 0.784375 0.656250 0.817187 0.671875 0.825000 0.673438 0.857812 0.682813 0.870313 0.665625 0.896875 0.675000 0.903125 0.656250 0.906250 0.643750 0.920312 0.634375 0.998437 0.684375 0.998437 0.696875 0.967187 0.706250 0.839063 0.696875 0.812500 0.673438 0.782813 0.664062 0.743750 0.639062 0.703125 0.600000 0.684375 0.579688 0.650000 0.553125 0.625000 0.531250 0.620313 0.512500 0.592187 0.484375 0.596875 0.479687 0.595313 0.490625 0.568750 0.468750 0.567187 0.460938 0.556250 0.457813 0.510938 0.435937 0.496875 0.426563 0.465625 0.396875 0.459375 0.404687 0.451562 0.404687 0.437500 0.387500 0.404687 0.381250 0.331250 0.373437 0.331250 0.370312 0.328125 0.368750 0.317188 0.400000 0.248438 0.396875 0.209375 0.409375 0.165625 0.390625 0.148438 0.381250 0.160938 0.381250 0.175000 0.387500 0.181250 0.381250 0.182812 0.379688 0.195312 0.373437 0.195312 0.368750 0.190625 0.365625 0.179688 0.375000 0.176563 0.375000 0.164062 0.362500 0.162500 0.370312 0.121875
0 0.328125 0.087500 0.329688 0.096875 0.350000 0.096875 0.351562 0.085938
0 0.367188 0.000000 0.373437 0.012500 0.373437 0.035937 0.368750 0.039062 0.368750 0.045312 0.384375 0.050000 0.385937 0.079687 0.393750 0.081250 0.392188 0.087500 0.381250 0.085938 0.379688 0.089063 0.381250 0.114062 0.387500 0.114062 0.392188 0.106250 0.401562 0.106250 0.403125 0.110937 0.409375 0.110937 0.414062 0.106250 0.414062 0.073438 0.409375 0.071875 0.409375 0.062500 0.401562 0.060937 0.401562 0.035937 0.396875 0.032813 0.395313 0.015625 0.392188 0.014063 0.392188 0.009375 0.382812 0.004687 0.381250 0.000000
0 0.315625 0.000000 0.315625 0.057813 0.328125 0.079687 0.339062 0.079687 0.339062 0.056250 0.334375 0.051562 0.323437 0.050000 0.326562 0.042188 0.335938 0.042188 0.335938 0.035937 0.328125 0.035937 0.326562 0.031250 0.328125 0.018750 0.337500 0.015625 0.337500 0.006250 0.329688 0.004687 0.326562 0.000000
