0 0.517188 0.925000 0.504687 0.925000 0.501563 0.935937 0.492188 0.943750 0.490625 0.964063 0.487500 0.965625 0.487500 0.993750 0.496875 0.993750 0.498437 0.975000 0.507812 0.964063 0.509375 0.945312 0.517188 0.935937
0 0.532813 0.842187 0.532813 0.848437 0.528125 0.853125 0.528125 0.881250 0.537500 0.893750 0.537500 0.904687 0.548438 0.904687 0.551562 0.882812 0.548438 0.879687 0.546875 0.845313
0 0.643750 0.837500 0.643750 0.843750 0.639062 0.846875 0.640625 0.860938 0.646875 0.868750 0.662500 0.868750 0.662500 0.853125 0.651563 0.848437 0.650000 0.837500
0 0.554688 0.735938 0.546875 0.735938 0.542188 0.748437 0.537500 0.751563 0.537500 0.787500 0.532813 0.789062 0.532813 0.798438 0.537500 0.800000 0.534375 0.804688 0.534375 0.810937 0.537500 0.812500 0.537500 0.825000 0.545312 0.825000 0.545312 0.809375 0.551562 0.793750 0.553125 0.775000 0.556250 0.773438 0.557813 0.748437
0 0.640625 0.665625 0.629687 0.665625 0.618750 0.670312 0.604688 0.685937 0.598437 0.682813 0.596875 0.671875 0.589063 0.671875 0.579688 0.682813 0.564063 0.682813 0.564063 0.685937 0.554688 0.692187 0.556250 0.728125 0.567187 0.726562 0.570312 0.721875 0.571875 0.701562 0.585938 0.695312 0.592187 0.689063 0.596875 0.692187 0.596875 0.701562 0.612500 0.701562 0.612500 0.717187 0.600000 0.723437 0.600000 0.731250 0.604688 0.737500 0.593750 0.746875 0.596875 0.759375 0.587500 0.767188 0.573438 0.767188 0.568750 0.771875 0.568750 0.798438 0.564063 0.801562 0.564063 0.842187 0.559375 0.848437 0.559375 0.859375 0.564063 0.864062 0.564063 0.873437 0.559375 0.878125 0.559375 0.931250 0.556250 0.932813 0.554688 0.951562 0.550000 0.956250 0.553125 0.975000 0.546875 0.978125 0.540625 0.987500 0.529687 0.987500 0.529687 0.998437 0.562500 0.998437 0.565625 0.995313 0.565625 0.985938 0.578125 0.975000 0.579688 0.942187 0.587500 0.931250 0.587500 0.890625 0.592187 0.887500 0.592187 0.879687 0.604688 0.871875 0.604688 0.846875 0.609375 0.843750 0.609375 0.837500 0.604688 0.834375 0.604688 0.815625 0.601562 0.810937 0.609375 0.807813 0.609375 0.798438 0.618750 0.787500 0.626563 0.785937 0.626563 0.726562 0.631250 0.721875 0.631250 0.704688 0.635938 0.701562 0.635938 0.687500 0.640625 0.684375
0 0.017188 0.656250 0.015625 0.670312 0.023438 0.676562 0.032813 0.676562 0.035937 0.673438 0.034375 0.660937 0.031250 0.660937 0.029687 0.656250
0 0.334375 0.643750 0.323437 0.643750 0.315625 0.650000 0.307812 0.650000 0.303125 0.667188 0.306250 0.670312 0.339062 0.667188 0.339062 0.656250 0.335938 0.654687
0 0.698438 0.625000 0.689063 0.618750 0.668750 0.620313 0.657813 0.629687 0.651563 0.629687 0.650000 0.640625 0.653125 0.643750 0.670312 0.643750 0.681250 0.635938 0.698438 0.635938
0 0.592187 0.550000 0.584375 0.550000 0.578125 0.554688 0.568750 0.556250 0.567187 0.562500 0.564063 0.564063 0.564063 0.571875 0.559375 0.573438 0.554688 0.581250 0.554688 0.587500 0.546875 0.595313 0.546875 0.631250 0.550000 0.632812 0.550000 0.653125 0.559375 0.665625 0.568750 0.665625 0.567187 0.646875 0.573438 0.640625 0.587500 0.640625 0.587500 0.629687 0.578125 0.623437 0.578125 0.603125 0.582812 0.589063 0.582812 0.575000 0.587500 0.573438
0 0.537500 0.537500 0.537500 0.565625 0.548438 0.567187 0.548438 0.551562 0.551562 0.550000 0.551562 0.542188 0.548438 0.537500
0 0.400000 0.467187 0.398438 0.478125 0.395313 0.481250 0.395313 0.492188 0.409375 0.492188 0.414062 0.487500 0.412500 0.470313 0.409375 0.467187
0 0.550000 0.464062 0.546875 0.467187 0.545312 0.506250 0.557813 0.507812 0.560937 0.521875 0.570312 0.523438 0.575000 0.512500 0.571875 0.473438 0.562500 0.465625
0 0.542188 0.304688 0.542188 0.353125 0.546875 0.359375 0.546875 0.368750 0.559375 0.376563 0.559375 0.381250 0.564063 0.384375 0.564063 0.392188 0.570312 0.392188 0.570312 0.389062 0.575000 0.387500 0.576562 0.370312 0.573438 0.362500 0.567187 0.359375 0.562500 0.348438 0.562500 0.343750 0.567187 0.339062 0.567187 0.329688 0.556250 0.321875 0.553125 0.306250
0 0.525000 0.000000 0.531250 0.006250 0.525000 0.025000 0.537500 0.037500 0.537500 0.048438 0.545312 0.051562 0.540625 0.059375 0.542188 0.093750 0.553125 0.118750 0.546875 0.150000 0.554688 0.153125 0.554688 0.157812 0.546875 0.160938 0.546875 0.167187 0.556250 0.173437 0.556250 0.206250 0.575000 0.215625 0.571875 0.229687 0.589063 0.228125 0.596875 0.276562 0.614062 0.276562 0.615625 0.310937 0.607812 0.315625 0.604688 0.335938 0.620313 0.384375 0.612500 0.418750 0.617188 0.423438 0.617188 0.454688 0.625000 0.460938 0.617188 0.479687 0.617188 0.525000 0.625000 0.550000 0.615625 0.571875 0.617188 0.621875 0.612500 0.637500 0.615625 0.643750 0.628125 0.643750 0.631250 0.635938 0.640625 0.635938 0.635938 0.615625 0.645312 0.600000 0.643750 0.585938 0.650000 0.576562 0.648438 0.500000 0.643750 0.482812 0.635938 0.476562 0.635938 0.429688 0.648438 0.421875 0.650000 0.376563 0.645312 0.351562 0.640625 0.348438 0.640625 0.334375 0.631250 0.321875 0.631250 0.276562 0.618750 0.259375 0.618750 0.232813 0.601562 0.221875 0.600000 0.214062 0.573438 0.185938 0.568750 0.135937 0.575000 0.125000 0.587500 0.117188 0.578125 0.095312 0.560937 0.084375 0.560937 0.059375 0.553125 0.053125 0.556250 0.031250 0.551562 0.000000
0 0.465625 0.000000 0.465625 0.004687 0.470313 0.007812 0.470313 0.017188 0.473438 0.018750 0.470313 0.034375 0.473438 0.035937 0.478125 0.070312 0.487500 0.082812 0.487500 0.092188 0.490625 0.093750 0.492188 0.104688 0.509375 0.114062 0.496875 0.121875 0.496875 0.145313 0.485938 0.157812 0.482812 0.157812 0.482812 0.181250 0.492188 0.192188 0.492188 0.198437 0.501563 0.203125 0.501563 0.210938 0.515625 0.218750 0.515625 0.234375 0.529687 0.243750 0.529687 0.250000 0.537500 0.253125 0.535937 0.257812 0.529687 0.259375 0.528125 0.271875 0.537500 0.275000 0.537500 0.287500 0.540625 0.290625 0.554688 0.290625 0.559375 0.287500 0.559375 0.267188 0.550000 0.267188 0.543750 0.271875 0.537500 0.268750 0.543750 0.264062 0.543750 0.251563 0.535937 0.248438 0.546875 0.242188 0.548438 0.225000 0.535937 0.225000 0.532813 0.221875 0.534375 0.201563 0.514062 0.198437 0.509375 0.195312 0.507812 0.167187 0.504687 0.162500 0.520312 0.157812 0.525000 0.135937 0.518750 0.135937 0.515625 0.132812 0.529687 0.128125 0.532813 0.125000 0.532813 0.118750 0.521875 0.115625 0.520312 0.098437 0.514062 0.093750 0.517188 0.087500 0.515625 0.071875 0.507812 0.068750 0.503125 0.057813 0.506250 0.039062 0.498437 0.029687 0.503125 0.015625 0.489063 0.010937 0.495312 0.004687 0.495312 0.000000
