0 0.407813 0.979688 0.400000 0.979688 0.395313 0.987500 0.390625 0.987500 0.390625 0.998437 0.407813 0.998437
0 0.267188 0.795312 0.257812 0.795312 0.257812 0.804688 0.254688 0.806250 0.254688 0.817187 0.259375 0.820312 0.257812 0.850000 0.253125 0.846875 0.253125 0.837500 0.246875 0.837500 0.245312 0.845313 0.232813 0.853125 0.218750 0.850000 0.218750 0.865625 0.221875 0.870313 0.217188 0.873437 0.214062 0.889062 0.207813 0.890625 0.204687 0.885938 0.189062 0.885938 0.187500 0.895312 0.190625 0.895312 0.193750 0.898438 0.192188 0.900000 0.176563 0.898438 0.173437 0.903125 0.154688 0.903125 0.153125 0.920312 0.139063 0.920312 0.135937 0.929688 0.121875 0.929688 0.112500 0.934375 0.112500 0.948438 0.109375 0.951562 0.103125 0.951562 0.100000 0.956250 0.089063 0.956250 0.076563 0.978125 0.065625 0.985938 0.050000 0.987500 0.046875 0.998437 0.118750 0.998437 0.125000 0.989062 0.140625 0.987500 0.140625 0.981250 0.150000 0.975000 0.150000 0.967187 0.160938 0.953125 0.170313 0.953125 0.173437 0.948438 0.187500 0.948438 0.198437 0.943750 0.198437 0.940625 0.204687 0.935937 0.214062 0.934375 0.218750 0.925000 0.228125 0.921875 0.235937 0.914062 0.242188 0.914062 0.242188 0.910937 0.251563 0.903125 0.251563 0.896875 0.259375 0.887500 0.271875 0.887500 0.273438 0.878125 0.289062 0.868750 0.290625 0.860938 0.285938 0.854688 0.279687 0.854688 0.276562 0.859375 0.271875 0.856250 0.271875 0.831250 0.268750 0.823438 0.273438 0.820312 0.273438 0.810937 0.268750 0.807813
0 0.978125 0.793750 0.978125 0.807813 0.985938 0.807813 0.987500 0.815625 0.993750 0.815625 0.993750 0.803125 0.989062 0.800000 0.989062 0.793750
0 0.400000 0.739062 0.373437 0.735938 0.368750 0.740625 0.362500 0.740625 0.356250 0.748437 0.351562 0.748437 0.350000 0.753125 0.343750 0.753125 0.340625 0.767188 0.329688 0.767188 0.328125 0.773438 0.320312 0.778125 0.318750 0.784375 0.309375 0.784375 0.292187 0.798438 0.293750 0.807813 0.306250 0.809375 0.306250 0.820312 0.312500 0.826562 0.312500 0.834375 0.325000 0.834375 0.325000 0.828125 0.321875 0.825000 0.323437 0.820312 0.335938 0.821875 0.339062 0.812500 0.357812 0.810937 0.359375 0.803125 0.368750 0.803125 0.370312 0.800000 0.387500 0.795312 0.389062 0.790625 0.400000 0.790625 0.403125 0.781250 0.414062 0.776563 0.414062 0.762500 0.382812 0.762500 0.384375 0.754687 0.392188 0.754687 0.400000 0.748437
0 0.303125 0.709375 0.303125 0.720313 0.317188 0.721875 0.318750 0.735938 0.325000 0.735938 0.325000 0.707812 0.315625 0.706250 0.314063 0.709375
0 0.275000 0.675000 0.270313 0.681250 0.267188 0.681250 0.264062 0.698438 0.271875 0.700000 0.273438 0.704688 0.279687 0.704688 0.284375 0.700000 0.289062 0.700000 0.289062 0.684375 0.284375 0.676562
0 0.709375 0.615625 0.712500 0.635938 0.726562 0.635938 0.726562 0.629687 0.731250 0.628125 0.731250 0.617188 0.723437 0.615625 0.721875 0.612500 0.714063 0.612500
0 0.507812 0.592187 0.501563 0.592187 0.496875 0.596875 0.496875 0.609375 0.487500 0.617188 0.487500 0.623437 0.484375 0.625000 0.482812 0.650000 0.479687 0.651563 0.473438 0.676562 0.470313 0.678125 0.473438 0.690625 0.467187 0.695312 0.454688 0.696875 0.456250 0.706250 0.448437 0.710938 0.443750 0.720313 0.431250 0.721875 0.431250 0.731250 0.421875 0.742188 0.421875 0.759375 0.429688 0.764062 0.440625 0.764062 0.445312 0.756250 0.462500 0.750000 0.464062 0.732812 0.479687 0.732812 0.479687 0.721875 0.484375 0.715625 0.484375 0.701562 0.493750 0.695312 0.495312 0.676562 0.504687 0.671875 0.507812 0.654687 0.501563 0.651563 0.498437 0.645312 0.501563 0.642188 0.510938 0.642188 0.512500 0.625000 0.504687 0.625000 0.501563 0.621875 0.501563 0.617188 0.509375 0.607812
0 0.000000 0.537500 0.000000 0.564063 0.006250 0.564063 0.004687 0.537500
0 0.078125 0.448437 0.073438 0.454688 0.073438 0.468750 0.078125 0.475000 0.085938 0.475000 0.090625 0.465625 0.090625 0.451562 0.087500 0.448437
0 0.839063 0.376563 0.835938 0.373437 0.828125 0.373437 0.825000 0.378125 0.818750 0.375000 0.820312 0.354687 0.806250 0.353125 0.800000 0.357812 0.796875 0.351562 0.789062 0.351562 0.789062 0.364063 0.775000 0.368750 0.768750 0.385937 0.764062 0.382812 0.764062 0.378125 0.754687 0.378125 0.750000 0.385937 0.735938 0.385937 0.731250 0.401562 0.718750 0.412500 0.720313 0.426563 0.717187 0.429688 0.704688 0.429688 0.701562 0.439063 0.687500 0.439063 0.687500 0.443750 0.673438 0.451562 0.670312 0.456250 0.660937 0.456250 0.656250 0.465625 0.648438 0.460938 0.648438 0.453125 0.640625 0.453125 0.643750 0.464062 0.637500 0.470313 0.615625 0.476562 0.609375 0.481250 0.607812 0.493750 0.598437 0.496875 0.590625 0.510938 0.592187 0.520312 0.598437 0.523438 0.598437 0.554688 0.592187 0.564063 0.579688 0.560937 0.581250 0.523438 0.567187 0.523438 0.560937 0.532813 0.554688 0.534375 0.545312 0.562500 0.535937 0.571875 0.515625 0.581250 0.514062 0.595313 0.537500 0.601562 0.542188 0.590625 0.554688 0.592187 0.562500 0.587500 0.568750 0.596875 0.587500 0.592187 0.592187 0.587500 0.592187 0.581250 0.598437 0.578125 0.600000 0.570312 0.604688 0.565625 0.617188 0.560937 0.621875 0.553125 0.631250 0.554688 0.640625 0.546875 0.648438 0.528125 0.648438 0.512500 0.670312 0.512500 0.681250 0.503125 0.692187 0.503125 0.693750 0.496875 0.701562 0.493750 0.701562 0.487500 0.707812 0.479687 0.720313 0.479687 0.729688 0.462500 0.735938 0.460938 0.739062 0.456250 0.748437 0.456250 0.751563 0.439063 0.767188 0.435937 0.767188 0.425000 0.775000 0.418750 0.785937 0.418750 0.790625 0.414062 0.790625 0.404687 0.803125 0.401562 0.803125 0.395313 0.812500 0.392188 0.815625 0.381250 0.818750 0.381250 0.821875 0.387500 0.831250 0.387500 0.839063 0.382812
0 0.964063 0.337500 0.964063 0.348438 0.985938 0.346875 0.985938 0.337500 0.979688 0.331250 0.967187 0.332813
0 0.910937 0.231250 0.904687 0.231250 0.904687 0.237500 0.895312 0.250000 0.895312 0.260937 0.889062 0.262500 0.885938 0.267188 0.885938 0.276562 0.881250 0.279687 0.881250 0.292187 0.876563 0.295312 0.876563 0.310937 0.873437 0.314063 0.870313 0.310937 0.859375 0.310937 0.850000 0.315625 0.843750 0.329688 0.835938 0.337500 0.835938 0.343750 0.832812 0.346875 0.829688 0.342187 0.823438 0.342187 0.826562 0.365625 0.837500 0.370312 0.846875 0.370312 0.856250 0.351562 0.860938 0.348438 0.867188 0.326562 0.882812 0.321875 0.884375 0.318750 0.890625 0.321875 0.903125 0.321875 0.906250 0.317188 0.926562 0.307812 0.926562 0.293750 0.931250 0.290625 0.931250 0.281250 0.921875 0.281250 0.917188 0.292187 0.912500 0.292187 0.904687 0.284375 0.904687 0.281250 0.918750 0.268750 0.918750 0.259375 0.914062 0.250000
0 0.951562 0.192188 0.942187 0.193750 0.939063 0.203125 0.925000 0.217188 0.925000 0.221875 0.917188 0.231250 0.917188 0.237500 0.923438 0.237500 0.931250 0.232813 0.934375 0.226562 0.943750 0.220312 0.948438 0.210938 0.960938 0.210938 0.960938 0.203125 0.953125 0.198437
0 0.996875 0.179688 0.985938 0.179688 0.976562 0.187500 0.978125 0.204687 0.998437 0.198437
0 0.171875 0.073438 0.173437 0.082812 0.182812 0.090625 0.195312 0.092188 0.195312 0.073438
0 0.009375 0.051562 0.007812 0.060937 0.000000 0.057813 0.000000 0.082812 0.006250 0.084375 0.007812 0.087500 0.014063 0.087500 0.020313 0.082812 0.020313 0.076563 0.012500 0.076563 0.009375 0.070312 0.017188 0.068750 0.017188 0.051562
