0 0.700000 0.987500 0.700000 0.998437 0.773438 0.998437 0.773438 0.990625 0.764062 0.987500 0.756250 0.987500 0.748437 0.992188 0.743750 0.992188 0.742188 0.987500
0 0.848437 0.985938 0.825000 0.985938 0.823438 0.982812 0.817187 0.982812 0.815625 0.985938 0.785937 0.987500 0.784375 0.998437 0.846875 0.998437
0 0.998437 0.968750 0.984375 0.968750 0.976562 0.978125 0.964063 0.979688 0.962500 0.982812 0.956250 0.982812 0.945312 0.990625 0.939063 0.985938 0.929688 0.985938 0.917188 0.995313 0.917188 0.998437 0.987500 0.996875 0.989062 0.990625 0.998437 0.985938
0 0.632812 0.968750 0.634375 0.981250 0.657813 0.985938 0.657813 0.976562 0.662500 0.975000 0.662500 0.965625 0.635938 0.965625
0 0.578125 0.945312 0.578125 0.979688 0.592187 0.979688 0.592187 0.968750 0.595313 0.965625 0.598437 0.965625 0.600000 0.970313 0.626563 0.970313 0.626563 0.960938 0.620313 0.960938 0.617188 0.956250 0.600000 0.956250 0.590625 0.943750
0 0.159375 0.675000 0.148438 0.673438 0.143750 0.678125 0.129688 0.678125 0.129688 0.684375 0.126562 0.687500 0.095312 0.687500 0.090625 0.692187 0.090625 0.698438 0.081250 0.704688 0.081250 0.712500 0.085938 0.718750 0.095312 0.718750 0.098437 0.715625 0.098437 0.709375 0.107813 0.701562 0.114062 0.701562 0.123438 0.707812 0.132812 0.707812 0.135937 0.704688 0.143750 0.706250 0.146875 0.709375 0.145313 0.718750 0.128125 0.718750 0.128125 0.728125 0.148438 0.731250 0.139063 0.742188 0.128125 0.743750 0.123438 0.750000 0.095312 0.748437 0.092188 0.740625 0.082812 0.739062 0.081250 0.735938 0.070312 0.735938 0.070312 0.742188 0.081250 0.748437 0.079687 0.756250 0.073438 0.759375 0.060937 0.748437 0.057813 0.742188 0.057813 0.718750 0.045312 0.715625 0.042188 0.717187 0.042188 0.725000 0.031250 0.734375 0.025000 0.734375 0.018750 0.739062 0.012500 0.748437 0.000000 0.748437 0.000000 0.773438 0.020313 0.768750 0.028125 0.785937 0.032813 0.785937 0.037500 0.790625 0.045312 0.790625 0.054688 0.784375 0.078125 0.785937 0.081250 0.781250 0.087500 0.781250 0.096875 0.773438 0.123438 0.771875 0.123438 0.768750 0.134375 0.759375 0.150000 0.759375 0.150000 0.756250 0.159375 0.750000 0.165625 0.737500 0.176563 0.737500 0.176563 0.723437 0.165625 0.718750 0.167187 0.704688 0.162500 0.701562 0.162500 0.695312 0.159375 0.692187
0 0.817187 0.607812 0.810937 0.607812 0.809375 0.612500 0.795312 0.612500 0.789062 0.617188 0.778125 0.617188 0.770312 0.621875 0.770312 0.631250 0.773438 0.631250 0.775000 0.635938 0.787500 0.635938 0.790625 0.626563 0.798438 0.626563 0.803125 0.631250 0.803125 0.635938 0.812500 0.635938 0.818750 0.631250
0 0.760938 0.600000 0.742188 0.604688 0.735938 0.601562 0.732812 0.596875 0.742188 0.579688 0.742188 0.568750 0.735938 0.568750 0.732812 0.559375 0.664062 0.564063 0.628125 0.556250 0.610938 0.564063 0.607812 0.585938 0.626563 0.576562 0.635938 0.576562 0.639062 0.582812 0.625000 0.589063 0.625000 0.607812 0.612500 0.615625 0.609375 0.606250 0.598437 0.600000 0.600000 0.564063 0.576562 0.559375 0.571875 0.587500 0.578125 0.589063 0.581250 0.596875 0.565625 0.604688 0.564063 0.623437 0.550000 0.625000 0.543750 0.643750 0.539062 0.648438 0.518750 0.656250 0.506250 0.678125 0.475000 0.678125 0.454688 0.690625 0.385937 0.690625 0.375000 0.704688 0.296875 0.709375 0.293750 0.714063 0.262500 0.709375 0.259375 0.723437 0.229687 0.723437 0.225000 0.731250 0.204687 0.718750 0.203125 0.737500 0.209375 0.743750 0.203125 0.746875 0.196875 0.760938 0.187500 0.762500 0.187500 0.771875 0.207813 0.776563 0.214062 0.782813 0.214062 0.798438 0.225000 0.798438 0.228125 0.779687 0.240625 0.785937 0.262500 0.768750 0.321875 0.759375 0.345313 0.745313 0.379688 0.745313 0.385937 0.759375 0.395313 0.759375 0.393750 0.745313 0.412500 0.740625 0.409375 0.728125 0.425000 0.725000 0.423438 0.714063 0.428125 0.710938 0.435937 0.712500 0.431250 0.717187 0.431250 0.725000 0.437500 0.728125 0.432812 0.750000 0.471875 0.750000 0.476562 0.754687 0.485938 0.754687 0.490625 0.746875 0.517188 0.750000 0.521875 0.729688 0.539062 0.728125 0.539062 0.720313 0.531250 0.720313 0.528125 0.712500 0.545312 0.703125 0.554688 0.689063 0.570312 0.692187 0.565625 0.664062 0.596875 0.620313 0.606250 0.620313 0.609375 0.626563 0.651563 0.618750 0.678125 0.623437 0.710938 0.614062 0.737500 0.628125 0.754687 0.628125
0 0.265625 0.534375 0.264062 0.543750 0.271875 0.548438 0.271875 0.557813 0.282813 0.557813 0.284375 0.550000 0.281250 0.545312 0.281250 0.537500 0.278125 0.534375
0 0.998437 0.492188 0.982812 0.492188 0.979688 0.495312 0.960938 0.496875 0.957812 0.501563 0.953125 0.501563 0.948438 0.510938 0.940625 0.512500 0.937500 0.529687 0.921875 0.540625 0.917188 0.537500 0.904687 0.537500 0.893750 0.546875 0.889062 0.529687 0.876563 0.528125 0.868750 0.537500 0.865625 0.537500 0.865625 0.551562 0.871875 0.551562 0.879687 0.556250 0.873437 0.559375 0.867188 0.568750 0.843750 0.578125 0.810937 0.576562 0.810937 0.592187 0.823438 0.592187 0.826562 0.596875 0.835938 0.596875 0.842187 0.603125 0.840625 0.610938 0.832812 0.617188 0.832812 0.631250 0.835938 0.635938 0.865625 0.634375 0.867188 0.626563 0.864062 0.607812 0.870313 0.598437 0.871875 0.589063 0.876563 0.585938 0.878125 0.576562 0.884375 0.568750 0.892188 0.565625 0.903125 0.567187 0.903125 0.593750 0.909375 0.593750 0.912500 0.587500 0.929688 0.587500 0.934375 0.582812 0.935937 0.576562 0.942187 0.570312 0.940625 0.557813 0.943750 0.551562 0.953125 0.551562 0.956250 0.546875 0.996875 0.546875
0 0.670312 0.453125 0.670312 0.475000 0.681250 0.475000 0.684375 0.453125
0 0.578125 0.134375 0.565625 0.132812 0.557813 0.139063 0.557813 0.148438 0.565625 0.150000 0.568750 0.143750 0.575000 0.143750 0.578125 0.140625
0 0.878125 0.125000 0.873437 0.118750 0.867188 0.118750 0.859375 0.132812 0.850000 0.134375 0.848437 0.121875 0.825000 0.121875 0.825000 0.134375 0.835938 0.134375 0.845313 0.142187 0.859375 0.142187 0.878125 0.132812
0 0.000000 0.098437 0.000000 0.126562 0.007812 0.126562 0.012500 0.123438 0.012500 0.100000
