0 0.387500 0.964063 0.373437 0.964063 0.373437 0.968750 0.368750 0.973437 0.368750 0.989062 0.371875 0.992188 0.379688 0.992188 0.382812 0.984375 0.387500 0.981250
0 0.203125 0.946875 0.203125 0.962500 0.207813 0.967187 0.215625 0.967187 0.215625 0.964063 0.220312 0.962500 0.220312 0.948438
0 0.475000 0.917188 0.468750 0.917188 0.464062 0.925000 0.453125 0.923438 0.453125 0.934375 0.457813 0.939063 0.470313 0.939063 0.475000 0.935937
0 0.806250 0.801562 0.795312 0.801562 0.796875 0.843750 0.801562 0.846875 0.801562 0.884375 0.796875 0.890625 0.796875 0.923438 0.793750 0.925000 0.792188 0.945312 0.789062 0.946875 0.789062 0.979688 0.784375 0.981250 0.782813 0.987500 0.779687 0.987500 0.779687 0.998437 0.796875 0.998437 0.792188 0.990625 0.792188 0.981250 0.807813 0.978125 0.807813 0.954688 0.810937 0.951562 0.812500 0.920312 0.815625 0.917188 0.815625 0.876563 0.820312 0.871875 0.820312 0.860938 0.825000 0.857812 0.825000 0.843750 0.814063 0.843750 0.807813 0.835938
0 0.846875 0.793750 0.837500 0.793750 0.832812 0.798438 0.832812 0.814063 0.828125 0.818750 0.823438 0.839063 0.832812 0.839063 0.837500 0.826562 0.837500 0.812500 0.846875 0.810937
0 0.364063 0.729688 0.339062 0.731250 0.326562 0.751563 0.320312 0.746875 0.320312 0.739062 0.310937 0.735938 0.310937 0.759375 0.306250 0.759375 0.300000 0.768750 0.282813 0.770312 0.279687 0.775000 0.267188 0.776563 0.267188 0.787500 0.264062 0.790625 0.250000 0.790625 0.246875 0.798438 0.240625 0.798438 0.240625 0.803125 0.235937 0.806250 0.235937 0.812500 0.232813 0.814063 0.231250 0.832812 0.223438 0.837500 0.223438 0.842187 0.215625 0.850000 0.207813 0.850000 0.203125 0.854688 0.201563 0.864062 0.192188 0.870313 0.192188 0.887500 0.189062 0.893750 0.179688 0.898438 0.175000 0.904687 0.175000 0.912500 0.178125 0.914062 0.178125 0.931250 0.175000 0.937500 0.165625 0.942187 0.153125 0.940625 0.148438 0.950000 0.148438 0.962500 0.143750 0.965625 0.143750 0.971875 0.139063 0.976562 0.139063 0.984375 0.128125 0.993750 0.117188 0.993750 0.117188 0.998437 0.157812 0.998437 0.168750 0.995313 0.171875 0.989062 0.171875 0.967187 0.184375 0.953125 0.187500 0.943750 0.193750 0.939063 0.193750 0.929688 0.198437 0.926562 0.198437 0.917188 0.203125 0.914062 0.198437 0.901563 0.215625 0.895312 0.217188 0.887500 0.225000 0.882812 0.229687 0.875000 0.237500 0.873437 0.239063 0.857812 0.243750 0.853125 0.250000 0.853125 0.256250 0.843750 0.262500 0.817187 0.273438 0.810937 0.284375 0.795312 0.293750 0.795312 0.298438 0.790625 0.312500 0.790625 0.329688 0.776563 0.331250 0.765625 0.342187 0.751563 0.360938 0.750000 0.360938 0.745313 0.365625 0.742188
0 0.545312 0.665625 0.537500 0.664062 0.523438 0.670312 0.515625 0.670312 0.514062 0.664062 0.493750 0.664062 0.492188 0.671875 0.476562 0.673438 0.468750 0.682813 0.453125 0.679688 0.446875 0.687500 0.431250 0.684375 0.426563 0.690625 0.412500 0.695312 0.410938 0.707812 0.400000 0.707812 0.393750 0.714063 0.385937 0.714063 0.385937 0.723437 0.393750 0.728125 0.406250 0.728125 0.415625 0.720313 0.425000 0.718750 0.429688 0.710938 0.429688 0.704688 0.434375 0.701562 0.453125 0.701562 0.456250 0.706250 0.465625 0.706250 0.467187 0.710938 0.482812 0.710938 0.481250 0.698438 0.485938 0.693750 0.493750 0.693750 0.495312 0.685937 0.510938 0.689063 0.514062 0.682813 0.525000 0.682813 0.528125 0.678125 0.539062 0.678125 0.539062 0.673438 0.545312 0.671875
0 0.834375 0.632812 0.837500 0.657813 0.835938 0.670312 0.832812 0.671875 0.832812 0.720313 0.842187 0.720313 0.843750 0.671875 0.846875 0.670312 0.846875 0.659375 0.851562 0.653125 0.851562 0.645312 0.845313 0.640625 0.845313 0.634375
0 0.607812 0.625000 0.604688 0.621875 0.596875 0.621875 0.595313 0.629687 0.590625 0.631250 0.587500 0.639062 0.581250 0.637500 0.579688 0.629687 0.564063 0.629687 0.564063 0.650000 0.557813 0.653125 0.557813 0.670312 0.567187 0.670312 0.568750 0.662500 0.585938 0.662500 0.587500 0.657813 0.598437 0.657813 0.600000 0.653125 0.617188 0.650000 0.617188 0.643750 0.607812 0.640625
0 0.645312 0.612500 0.637500 0.612500 0.635938 0.607812 0.629687 0.607812 0.623437 0.620313 0.625000 0.632812 0.620313 0.637500 0.620313 0.645312 0.628125 0.645312 0.628125 0.631250 0.635938 0.629687 0.637500 0.620313 0.645312 0.620313
0 0.650000 0.559375 0.651563 0.570312 0.642188 0.573438 0.642188 0.584375 0.634375 0.585938 0.629687 0.601562 0.640625 0.601562 0.640625 0.592187 0.645312 0.590625 0.646875 0.606250 0.671875 0.603125 0.675000 0.600000 0.675000 0.590625 0.662500 0.579688 0.665625 0.564063 0.660937 0.559375
0 0.948438 0.542188 0.939063 0.542188 0.939063 0.550000 0.931250 0.564063 0.914062 0.576562 0.903125 0.589063 0.903125 0.601562 0.900000 0.604688 0.893750 0.604688 0.889062 0.612500 0.876563 0.620313 0.878125 0.631250 0.875000 0.634375 0.868750 0.634375 0.865625 0.645312 0.860938 0.648438 0.860938 0.656250 0.865625 0.664062 0.867188 0.689063 0.862500 0.695312 0.854688 0.695312 0.853125 0.703125 0.850000 0.704688 0.850000 0.710938 0.854688 0.715625 0.854688 0.721875 0.850000 0.726562 0.850000 0.739062 0.846875 0.740625 0.846875 0.746875 0.850000 0.748437 0.846875 0.779687 0.850000 0.784375 0.856250 0.784375 0.860938 0.729688 0.865625 0.718750 0.871875 0.715625 0.873437 0.706250 0.878125 0.701562 0.878125 0.664062 0.885938 0.654687 0.890625 0.653125 0.890625 0.646875 0.900000 0.635938 0.900000 0.629687 0.912500 0.617188 0.914062 0.604688 0.918750 0.595313 0.935937 0.582812 0.935937 0.571875 0.948438 0.559375
0 0.737500 0.515625 0.728125 0.517188 0.720313 0.525000 0.718750 0.543750 0.721875 0.548438 0.732812 0.546875
0 0.998437 0.465625 0.993750 0.465625 0.990625 0.473438 0.981250 0.475000 0.973437 0.482812 0.970313 0.492188 0.946875 0.492188 0.942187 0.496875 0.942187 0.503125 0.935937 0.506250 0.929688 0.515625 0.925000 0.515625 0.925000 0.521875 0.945312 0.521875 0.948438 0.532813 0.962500 0.534375 0.962500 0.523438 0.970313 0.509375 0.976562 0.503125 0.989062 0.503125 0.990625 0.498437 0.998437 0.498437
0 0.718750 0.443750 0.707812 0.443750 0.707812 0.446875 0.695312 0.456250 0.693750 0.464062 0.682813 0.471875 0.681250 0.481250 0.678125 0.482812 0.678125 0.493750 0.671875 0.496875 0.671875 0.504687 0.675000 0.509375 0.662500 0.510938 0.662500 0.517188 0.676562 0.523438 0.675000 0.534375 0.678125 0.535937 0.689063 0.534375 0.689063 0.493750 0.692187 0.492188 0.692187 0.481250 0.704688 0.479687 0.704688 0.470313 0.715625 0.465625
0 0.835938 0.334375 0.829688 0.334375 0.829688 0.343750 0.825000 0.345313 0.825000 0.365625 0.820312 0.370312 0.821875 0.382812 0.829688 0.382812 0.831250 0.362500 0.843750 0.364063 0.846875 0.360938 0.846875 0.346875 0.835938 0.343750
0 0.817187 0.334375 0.807813 0.334375 0.807813 0.345313 0.801562 0.346875 0.801562 0.353125 0.792188 0.359375 0.793750 0.371875 0.792188 0.384375 0.787500 0.390625 0.787500 0.406250 0.767188 0.412500 0.767188 0.426563 0.771875 0.443750 0.767188 0.448437 0.765625 0.462500 0.760938 0.464062 0.762500 0.481250 0.745313 0.482812 0.740625 0.500000 0.740625 0.512500 0.751563 0.514062 0.760938 0.503125 0.764062 0.503125 0.764062 0.495312 0.768750 0.493750 0.771875 0.478125 0.776563 0.475000 0.776563 0.459375 0.781250 0.456250 0.789062 0.456250 0.795312 0.425000 0.800000 0.417187 0.807813 0.412500 0.807813 0.404687 0.812500 0.401562 0.812500 0.370312 0.807813 0.367188 0.807813 0.362500 0.812500 0.359375 0.810937 0.346875 0.817187 0.342187
0 0.967187 0.192188 0.951562 0.192188 0.939063 0.217188 0.937500 0.228125 0.912500 0.231250 0.910937 0.243750 0.903125 0.245312 0.903125 0.251563 0.900000 0.254688 0.887500 0.254688 0.881250 0.259375 0.881250 0.279687 0.876563 0.281250 0.875000 0.287500 0.867188 0.289062 0.867188 0.304688 0.854688 0.320312 0.854688 0.332813 0.870313 0.334375 0.871875 0.331250 0.878125 0.329688 0.882812 0.318750 0.882812 0.309375 0.892188 0.300000 0.895312 0.292187 0.900000 0.290625 0.904687 0.275000 0.909375 0.273438 0.909375 0.270313 0.917188 0.264062 0.917188 0.248438 0.926562 0.245312 0.929688 0.239063 0.935937 0.237500 0.939063 0.228125 0.946875 0.228125 0.954688 0.215625 0.962500 0.215625 0.965625 0.212500
0 0.412500 0.151562 0.414062 0.176563 0.423438 0.176563 0.425000 0.173437 0.431250 0.173437 0.434375 0.167187 0.439063 0.167187 0.439063 0.160938 0.434375 0.159375 0.432812 0.153125
0 0.998437 0.143750 0.992188 0.148438 0.990625 0.156250 0.981250 0.162500 0.981250 0.170313 0.993750 0.176563 0.998437 0.176563
0 0.998437 0.095312 0.995313 0.096875 0.995313 0.110937 0.992188 0.114062 0.992188 0.131250 0.998437 0.132812
0 0.015625 0.045312 0.009375 0.051562 0.009375 0.062500 0.014063 0.067187 0.021875 0.067187 0.021875 0.045312
