0 0.362500 0.953125 0.357812 0.948438 0.351562 0.948438 0.348438 0.956250 0.328125 0.953125 0.328125 0.960938 0.337500 0.962500 0.339062 0.965625 0.356250 0.965625 0.357812 0.962500 0.362500 0.962500
0 0.440625 0.945312 0.442188 0.957812 0.448437 0.962500 0.457813 0.964063 0.460938 0.984375 0.475000 0.984375 0.476562 0.979688 0.484375 0.979688 0.484375 0.970313 0.476562 0.960938 0.462500 0.964063 0.462500 0.951562 0.457813 0.946875
0 0.596875 0.935937 0.582812 0.937500 0.581250 0.943750 0.564063 0.956250 0.565625 0.970313 0.573438 0.970313 0.576562 0.975000 0.571875 0.998437 0.592187 0.998437 0.592187 0.964063 0.600000 0.956250 0.600000 0.939063
0 0.757812 0.914062 0.756250 0.921875 0.760938 0.929688 0.767188 0.931250 0.768750 0.934375 0.776563 0.934375 0.776563 0.925000 0.770312 0.925000 0.767188 0.915625
0 0.529687 0.862500 0.528125 0.882812 0.535937 0.882812 0.537500 0.862500
0 0.878125 0.537500 0.878125 0.545312 0.881250 0.550000 0.892188 0.548438 0.896875 0.556250 0.896875 0.562500 0.909375 0.562500 0.912500 0.565625 0.915625 0.598437 0.923438 0.604688 0.931250 0.604688 0.935937 0.601562 0.935937 0.590625 0.931250 0.587500 0.931250 0.576562 0.921875 0.570312 0.917188 0.557813 0.907813 0.556250 0.904687 0.546875 0.893750 0.543750 0.893750 0.537500
0 0.970313 0.501563 0.970313 0.512500 0.975000 0.517188 0.992188 0.517188 0.992188 0.506250 0.987500 0.501563
0 0.903125 0.481250 0.903125 0.489063 0.907813 0.493750 0.914062 0.493750 0.918750 0.489063 0.926562 0.489063 0.926562 0.476562 0.918750 0.473438 0.910937 0.473438
0 0.821875 0.473438 0.817187 0.482812 0.817187 0.496875 0.820312 0.504687 0.829688 0.504687 0.829688 0.473438
0 0.806250 0.426563 0.803125 0.429688 0.804688 0.445312 0.818750 0.456250 0.825000 0.456250 0.823438 0.435937 0.812500 0.426563
0 0.640625 0.395313 0.625000 0.400000 0.621875 0.403125 0.621875 0.410938 0.612500 0.417187 0.612500 0.423438 0.607812 0.428125 0.607812 0.446875 0.615625 0.446875 0.617188 0.443750 0.631250 0.445312 0.628125 0.423438 0.632812 0.421875 0.637500 0.414062 0.642188 0.414062 0.643750 0.403125
0 0.000000 0.359375 0.000000 0.368750 0.020313 0.370312 0.018750 0.362500
0 0.846875 0.192188 0.832812 0.192188 0.832812 0.195312 0.823438 0.201563 0.820312 0.215625 0.834375 0.215625 0.846875 0.206250
0 0.782813 0.187500 0.775000 0.187500 0.770312 0.204687 0.748437 0.223438 0.739062 0.285938 0.735938 0.289062 0.728125 0.289062 0.728125 0.271875 0.717187 0.276562 0.717187 0.292187 0.726562 0.296875 0.726562 0.310937 0.707812 0.318750 0.703125 0.346875 0.692187 0.351562 0.684375 0.364063 0.660937 0.359375 0.653125 0.368750 0.648438 0.392188 0.685937 0.382812 0.693750 0.393750 0.682813 0.401562 0.678125 0.421875 0.665625 0.439063 0.635938 0.443750 0.634375 0.465625 0.620313 0.479687 0.618750 0.512500 0.606250 0.518750 0.596875 0.537500 0.585938 0.539062 0.585938 0.554688 0.593750 0.557813 0.587500 0.567187 0.592187 0.623437 0.590625 0.723437 0.595313 0.746875 0.603125 0.754687 0.596875 0.767188 0.581250 0.775000 0.581250 0.821875 0.593750 0.842187 0.587500 0.864062 0.584375 0.867188 0.573438 0.867188 0.568750 0.876563 0.568750 0.900000 0.585938 0.909375 0.600000 0.904687 0.600000 0.879687 0.614062 0.853125 0.614062 0.835938 0.639062 0.803125 0.628125 0.767188 0.631250 0.714063 0.614062 0.681250 0.614062 0.651563 0.621875 0.643750 0.614062 0.575000 0.640625 0.521875 0.645312 0.490625 0.679688 0.453125 0.689063 0.428125 0.717187 0.401562 0.726562 0.362500 0.740625 0.339062 0.746875 0.303125 0.759375 0.300000 0.790625 0.268750 0.798438 0.268750 0.807813 0.251563 0.803125 0.242188 0.807813 0.215625 0.779687 0.210938
0 0.603125 0.187500 0.604688 0.204687 0.612500 0.207813 0.617188 0.215625 0.626563 0.214062 0.626563 0.196875 0.621875 0.196875 0.620313 0.192188 0.614062 0.190625 0.614062 0.187500
0 0.798438 0.129688 0.798438 0.137500 0.801562 0.139063 0.801562 0.162500 0.810937 0.164062 0.815625 0.162500 0.817187 0.142187 0.810937 0.128125
0 0.514062 0.104688 0.515625 0.129688 0.529687 0.143750 0.529687 0.150000 0.525000 0.153125 0.528125 0.185938 0.539062 0.185938 0.539062 0.173437 0.535937 0.171875 0.532813 0.151562 0.539062 0.150000 0.539062 0.132812 0.529687 0.121875 0.526563 0.106250
0 0.753125 0.090625 0.753125 0.106250 0.757812 0.114062 0.773438 0.120313 0.775000 0.123438 0.785937 0.123438 0.787500 0.120313 0.793750 0.118750 0.793750 0.106250 0.790625 0.104688 0.790625 0.095312 0.785937 0.093750 0.785937 0.087500 0.778125 0.085938 0.776563 0.082812 0.765625 0.082812
0 0.929688 0.029687 0.915625 0.029687 0.909375 0.037500 0.904687 0.037500 0.887500 0.059375 0.881250 0.060937 0.871875 0.068750 0.871875 0.075000 0.865625 0.081250 0.856250 0.075000 0.851562 0.064062 0.842187 0.064062 0.840625 0.098437 0.828125 0.100000 0.823438 0.106250 0.823438 0.128125 0.826562 0.131250 0.835938 0.131250 0.840625 0.118750 0.839063 0.100000 0.848437 0.098437 0.853125 0.101562 0.854688 0.110937 0.862500 0.120313 0.864062 0.143750 0.859375 0.148438 0.859375 0.162500 0.854688 0.165625 0.854688 0.171875 0.850000 0.176563 0.850000 0.189062 0.862500 0.187500 0.868750 0.175000 0.868750 0.165625 0.882812 0.159375 0.884375 0.143750 0.887500 0.140625 0.887500 0.114062 0.895312 0.103125 0.895312 0.092188 0.900000 0.087500 0.900000 0.076563 0.904687 0.071875 0.904687 0.065625 0.909375 0.062500 0.909375 0.056250 0.920312 0.043750 0.926562 0.043750 0.931250 0.039062
0 0.953125 0.017188 0.962500 0.017188 0.971875 0.009375 0.984375 0.009375 0.987500 0.000000 0.951562 0.000000
0 0.775000 0.000000 0.775000 0.010937 0.778125 0.017188 0.790625 0.018750 0.798438 0.006250 0.798438 0.000000
