0 0.282813 0.978125 0.271875 0.978125 0.270313 0.985938 0.243750 0.985938 0.240625 0.987500 0.240625 0.995313 0.237500 0.998437 0.276562 0.998437 0.282813 0.987500
0 0.435937 0.867188 0.418750 0.865625 0.417187 0.882812 0.412500 0.885938 0.412500 0.909375 0.415625 0.912500 0.414062 0.932813 0.418750 0.935937 0.420312 0.942187 0.415625 0.950000 0.415625 0.962500 0.406250 0.967187 0.401562 0.978125 0.390625 0.979688 0.389062 0.992188 0.392188 0.996875 0.401562 0.996875 0.414062 0.992188 0.421875 0.971875 0.429688 0.968750 0.435937 0.959375 0.440625 0.957812 0.440625 0.934375 0.435937 0.932813 0.435937 0.914062 0.432812 0.910937 0.435937 0.904687
0 0.485938 0.831250 0.485938 0.843750 0.482812 0.845313 0.482812 0.851562 0.487500 0.856250 0.500000 0.856250 0.506250 0.848437 0.504687 0.834375
0 0.471875 0.651563 0.465625 0.651563 0.462500 0.656250 0.456250 0.657813 0.456250 0.684375 0.460938 0.687500 0.456250 0.692187 0.456250 0.707812 0.443750 0.714063 0.440625 0.720313 0.434375 0.723437 0.434375 0.729688 0.421875 0.745313 0.421875 0.750000 0.417187 0.753125 0.417187 0.771875 0.414062 0.775000 0.395313 0.779687 0.395313 0.782813 0.385937 0.790625 0.385937 0.798438 0.378125 0.801562 0.376563 0.809375 0.364063 0.818750 0.364063 0.846875 0.368750 0.850000 0.368750 0.864062 0.353125 0.873437 0.350000 0.889062 0.345313 0.893750 0.332813 0.896875 0.323437 0.904687 0.320312 0.910937 0.320312 0.923438 0.310937 0.929688 0.310937 0.935937 0.306250 0.940625 0.306250 0.950000 0.293750 0.956250 0.293750 0.968750 0.296875 0.970313 0.296875 0.975000 0.292187 0.978125 0.289062 0.990625 0.282813 0.995313 0.282813 0.998437 0.301563 0.998437 0.312500 0.982812 0.314063 0.965625 0.326562 0.950000 0.334375 0.945312 0.357812 0.943750 0.357812 0.932813 0.354687 0.926562 0.365625 0.921875 0.373437 0.887500 0.381250 0.881250 0.381250 0.873437 0.389062 0.867188 0.401562 0.846875 0.400000 0.825000 0.403125 0.820312 0.403125 0.801562 0.414062 0.785937 0.426563 0.781250 0.426563 0.775000 0.432812 0.762500 0.443750 0.751563 0.456250 0.750000 0.456250 0.729688 0.467187 0.720313 0.471875 0.710938 0.473438 0.695312 0.470313 0.690625 0.468750 0.673438 0.478125 0.665625 0.478125 0.657813
0 0.453125 0.629687 0.451562 0.650000 0.459375 0.650000 0.459375 0.629687
0 0.440625 0.473438 0.435937 0.478125 0.435937 0.484375 0.453125 0.482812 0.456250 0.485938 0.456250 0.503125 0.462500 0.503125 0.462500 0.482812 0.465625 0.479687 0.465625 0.473438
0 0.409375 0.451562 0.403125 0.443750 0.393750 0.443750 0.385937 0.448437 0.385937 0.454688 0.381250 0.456250 0.373437 0.465625 0.373437 0.471875 0.387500 0.471875 0.403125 0.457813 0.409375 0.457813
0 0.339062 0.437500 0.331250 0.439063 0.328125 0.462500 0.339062 0.459375
0 0.845313 0.429688 0.842187 0.434375 0.843750 0.459375 0.837500 0.464062 0.837500 0.478125 0.843750 0.482812 0.854688 0.482812 0.857812 0.473438 0.857812 0.429688
0 0.782813 0.254688 0.775000 0.254688 0.775000 0.257812 0.767188 0.262500 0.765625 0.276562 0.770312 0.281250 0.778125 0.281250 0.776563 0.267188 0.782813 0.262500
0 0.998437 0.073438 0.968750 0.073438 0.959375 0.096875 0.939063 0.112500 0.942187 0.151562 0.909375 0.187500 0.825000 0.198437 0.815625 0.201563 0.801562 0.212500 0.790625 0.237500 0.801562 0.253125 0.776563 0.303125 0.765625 0.304688 0.757812 0.289062 0.723437 0.293750 0.745313 0.332813 0.743750 0.385937 0.726562 0.387500 0.731250 0.446875 0.704688 0.467187 0.692187 0.493750 0.615625 0.564063 0.593750 0.543750 0.523438 0.596875 0.481250 0.615625 0.464062 0.612500 0.479687 0.632812 0.501563 0.631250 0.503125 0.635938 0.478125 0.757812 0.475000 0.762500 0.459375 0.762500 0.440625 0.787500 0.429688 0.787500 0.434375 0.829688 0.459375 0.818750 0.528125 0.723437 0.529687 0.717187 0.517188 0.664062 0.550000 0.618750 0.585938 0.618750 0.667188 0.560937 0.679688 0.564063 0.682813 0.567187 0.684375 0.578125 0.728125 0.560937 0.732812 0.537500 0.725000 0.534375 0.692187 0.553125 0.673438 0.545312 0.739062 0.498437 0.746875 0.471875 0.759375 0.478125 0.753125 0.493750 0.762500 0.506250 0.785937 0.484375 0.779687 0.470313 0.793750 0.470313 0.781250 0.443750 0.784375 0.421875 0.790625 0.410938 0.815625 0.382812 0.810937 0.359375 0.800000 0.353125 0.804688 0.318750 0.910937 0.207813 0.979688 0.201563 0.996875 0.189062 0.989062 0.159375 0.981250 0.173437 0.957812 0.167187 0.968750 0.145313 0.960938 0.118750 0.978125 0.115625 0.984375 0.100000 0.998437 0.106250
0 0.107813 0.065625 0.103125 0.092188 0.128125 0.092188 0.128125 0.079687 0.123438 0.075000 0.123438 0.068750
