0 0.868750 0.895312 0.865625 0.898438 0.867188 0.917188 0.871875 0.920312 0.879687 0.920312 0.884375 0.903125 0.878125 0.898438 0.878125 0.895312
0 0.434375 0.714063 0.434375 0.720313 0.439063 0.726562 0.439063 0.737500 0.445312 0.737500 0.450000 0.742188 0.465625 0.740625 0.467187 0.734375 0.475000 0.728125 0.475000 0.718750 0.459375 0.718750 0.443750 0.712500
0 0.393750 0.648438 0.398438 0.671875 0.407813 0.689063 0.412500 0.690625 0.417187 0.701562 0.423438 0.701562 0.425000 0.706250 0.432812 0.706250 0.432812 0.700000 0.426563 0.698438 0.425000 0.687500 0.418750 0.685937 0.418750 0.675000 0.414062 0.673438 0.414062 0.657813 0.401562 0.656250 0.400000 0.648438
0 0.310937 0.639062 0.314063 0.675000 0.317188 0.679688 0.334375 0.679688 0.334375 0.660937 0.326562 0.660937 0.321875 0.654687 0.320312 0.642188 0.317188 0.639062
0 0.289062 0.606250 0.289062 0.617188 0.293750 0.618750 0.293750 0.623437 0.298438 0.625000 0.304688 0.635938 0.312500 0.635938 0.312500 0.621875 0.309375 0.620313 0.304688 0.607812
0 0.310937 0.570312 0.310937 0.578125 0.317188 0.587500 0.321875 0.587500 0.332813 0.601562 0.343750 0.600000 0.345313 0.585938 0.339062 0.584375 0.334375 0.573438 0.328125 0.568750
0 0.332813 0.460938 0.332813 0.470313 0.337500 0.475000 0.345313 0.476562 0.350000 0.482812 0.356250 0.482812 0.357812 0.467187 0.348438 0.457813 0.337500 0.457813
0 0.275000 0.426563 0.271875 0.429688 0.270313 0.440625 0.271875 0.457813 0.285938 0.465625 0.290625 0.471875 0.300000 0.470313 0.300000 0.460938 0.290625 0.459375 0.290625 0.446875 0.281250 0.426563
0 0.326562 0.310937 0.323437 0.325000 0.315625 0.329688 0.315625 0.354687 0.325000 0.370312 0.339062 0.370312 0.351562 0.382812 0.354687 0.437500 0.371875 0.451562 0.381250 0.484375 0.401562 0.495312 0.385937 0.510938 0.385937 0.526563 0.398438 0.535937 0.404687 0.556250 0.420312 0.557813 0.439063 0.578125 0.448437 0.579688 0.453125 0.584375 0.460938 0.609375 0.473438 0.615625 0.476562 0.626563 0.487500 0.629687 0.487500 0.650000 0.501563 0.678125 0.514062 0.682813 0.515625 0.693750 0.539062 0.695312 0.557813 0.726562 0.581250 0.743750 0.585938 0.764062 0.609375 0.764062 0.634375 0.785937 0.656250 0.789062 0.662500 0.793750 0.678125 0.826562 0.678125 0.876563 0.689063 0.890625 0.717187 0.896875 0.723437 0.887500 0.740625 0.882812 0.753125 0.889062 0.753125 0.914062 0.795312 0.956250 0.789062 0.998437 0.860938 0.998437 0.856250 0.987500 0.832812 0.982812 0.829688 0.970313 0.817187 0.960938 0.812500 0.917188 0.801562 0.917188 0.742188 0.865625 0.720313 0.825000 0.706250 0.815625 0.701562 0.792188 0.689063 0.782813 0.682813 0.757812 0.617188 0.715625 0.606250 0.696875 0.567187 0.667188 0.523438 0.604688 0.517188 0.581250 0.487500 0.565625 0.457813 0.528125 0.439063 0.520312 0.434375 0.515625 0.431250 0.503125 0.417187 0.492188 0.395313 0.456250 0.382812 0.418750 0.365625 0.401562 0.359375 0.346875 0.340625 0.317188
0 0.245312 0.184375 0.250000 0.206250 0.257812 0.214062 0.257812 0.220312 0.262500 0.223438 0.267188 0.234375 0.270313 0.234375 0.278125 0.246875 0.282813 0.248438 0.284375 0.259375 0.289062 0.260937 0.289062 0.268750 0.296875 0.271875 0.306250 0.285938 0.306250 0.290625 0.315625 0.290625 0.317188 0.275000 0.312500 0.273438 0.312500 0.267188 0.309375 0.265625 0.307812 0.259375 0.295312 0.248438 0.295312 0.245312 0.290625 0.243750 0.290625 0.235937 0.285938 0.234375 0.276562 0.214062 0.268750 0.207813 0.268750 0.201563 0.265625 0.201563 0.257812 0.190625 0.253125 0.190625 0.251563 0.184375
0 0.000000 0.184375 0.000000 0.225000 0.007812 0.229687 0.006250 0.246875 0.014063 0.262500 0.034375 0.281250 0.045312 0.282813 0.051562 0.290625 0.057813 0.290625 0.076563 0.314063 0.084375 0.317188 0.095312 0.328125 0.095312 0.356250 0.100000 0.360938 0.110937 0.362500 0.126562 0.379688 0.126562 0.387500 0.137500 0.398438 0.139063 0.409375 0.143750 0.414062 0.160938 0.410938 0.167187 0.421875 0.176563 0.428125 0.179688 0.440625 0.190625 0.440625 0.200000 0.454688 0.218750 0.464062 0.218750 0.470313 0.228125 0.479687 0.226562 0.504687 0.235937 0.514062 0.239063 0.529687 0.245312 0.535937 0.245312 0.546875 0.250000 0.553125 0.250000 0.573438 0.259375 0.587500 0.273438 0.587500 0.278125 0.582812 0.276562 0.565625 0.265625 0.553125 0.264062 0.529687 0.246875 0.504687 0.246875 0.454688 0.220312 0.426563 0.217188 0.412500 0.190625 0.400000 0.175000 0.379688 0.160938 0.368750 0.159375 0.364063 0.151562 0.364063 0.145313 0.357812 0.145313 0.325000 0.137500 0.321875 0.137500 0.315625 0.106250 0.300000 0.092188 0.281250 0.092188 0.271875 0.085938 0.267188 0.082812 0.259375 0.065625 0.250000 0.031250 0.217188 0.026562 0.201563 0.017188 0.192188
0 0.195312 0.132812 0.196875 0.143750 0.214062 0.160938 0.218750 0.171875 0.221875 0.171875 0.223438 0.176563 0.234375 0.176563 0.234375 0.162500 0.228125 0.151562 0.221875 0.148438 0.220312 0.143750 0.217188 0.143750 0.210938 0.135937
0 0.104688 0.112500 0.104688 0.121875 0.121875 0.123438 0.126562 0.128125 0.151562 0.128125 0.164062 0.140625 0.179688 0.143750 0.182812 0.140625 0.181250 0.131250 0.178125 0.131250 0.167187 0.120313 0.167187 0.117188 0.134375 0.117188 0.121875 0.109375
0 0.060937 0.079687 0.060937 0.090625 0.073438 0.104688 0.078125 0.104688 0.079687 0.109375 0.087500 0.109375 0.085938 0.095312 0.070312 0.084375 0.070312 0.078125
