0 0.442188 0.965625 0.442188 0.975000 0.450000 0.978125 0.450000 0.984375 0.456250 0.984375 0.456250 0.978125 0.453125 0.976562 0.453125 0.964063
0 0.465625 0.967187 0.465625 0.978125 0.470313 0.984375 0.495312 0.984375 0.495312 0.981250 0.501563 0.978125 0.507812 0.978125 0.509375 0.982812 0.526563 0.982812 0.526563 0.968750 0.518750 0.967187 0.517188 0.962500 0.501563 0.960938 0.500000 0.964063 0.490625 0.964063 0.489063 0.960938 0.482812 0.960938 0.478125 0.978125 0.473438 0.976562 0.475000 0.960938 0.468750 0.960938
0 0.384375 0.978125 0.384375 0.984375 0.423438 0.984375 0.425000 0.979688 0.428125 0.979688 0.429688 0.984375 0.439063 0.984375 0.439063 0.978125 0.432812 0.976562 0.434375 0.960938 0.418750 0.964063 0.417187 0.960938 0.398438 0.959375 0.398438 0.968750 0.387500 0.970313 0.387500 0.976562
0 0.676562 0.953125 0.676562 0.959375 0.681250 0.960938 0.681250 0.973437 0.673438 0.975000 0.673438 0.981250 0.676562 0.984375 0.707812 0.984375 0.707812 0.978125 0.690625 0.976562 0.689063 0.964063 0.701562 0.962500 0.701562 0.954688 0.689063 0.957812 0.687500 0.953125
0 0.553125 0.984375 0.617188 0.984375 0.618750 0.976562 0.623437 0.978125 0.623437 0.984375 0.632812 0.984375 0.632812 0.981250 0.637500 0.979688 0.635938 0.953125 0.625000 0.953125 0.623437 0.956250 0.618750 0.953125 0.607812 0.953125 0.610938 0.970313 0.614062 0.971875 0.612500 0.978125 0.587500 0.978125 0.585938 0.964063 0.598437 0.962500 0.598437 0.954688 0.584375 0.956250 0.582812 0.953125 0.573438 0.953125 0.579688 0.975000 0.576562 0.978125 0.553125 0.978125
0 0.281250 0.964063 0.282813 0.984375 0.378125 0.982812 0.379688 0.960938 0.371875 0.960938 0.370312 0.967187 0.362500 0.967187 0.360938 0.964063 0.351562 0.964063 0.350000 0.959375 0.343750 0.959375 0.343750 0.967187 0.351562 0.967187 0.353125 0.971875 0.343750 0.973437 0.342187 0.978125 0.331250 0.976562 0.331250 0.960938 0.314063 0.960938 0.312500 0.964063 0.306250 0.964063 0.303125 0.959375 0.303125 0.950000 0.296875 0.950000 0.295312 0.970313 0.289062 0.968750 0.289062 0.960938 0.282813 0.960938
0 0.954688 0.654687 0.953125 0.662500 0.956250 0.668750 0.967187 0.679688 0.973437 0.679688 0.975000 0.657813
0 0.000000 0.998437 0.003125 0.942187 0.006250 0.929688 0.998437 0.929688 0.998437 0.915625 0.565625 0.915625 0.503125 0.907813 0.164062 0.912500 0.112500 0.923438 0.106250 0.907813 0.112500 0.898438 0.256250 0.737500 0.264062 0.726562 0.270313 0.703125 0.273438 0.700000 0.287500 0.701562 0.345313 0.634375 0.329688 0.614062 0.318750 0.643750 0.270313 0.679688 0.273438 0.695312 0.259375 0.700000 0.257812 0.712500 0.103125 0.889062 0.053125 0.914062 0.000000 0.914062
0 0.350000 0.578125 0.350000 0.584375 0.343750 0.585938 0.343750 0.612500 0.351562 0.612500 0.353125 0.607812 0.356250 0.607812 0.357812 0.612500 0.365625 0.612500 0.373437 0.604688 0.375000 0.593750 0.370312 0.593750 0.362500 0.587500 0.360938 0.578125
0 0.410938 0.531250 0.404687 0.531250 0.404687 0.537500 0.396875 0.548438 0.389062 0.553125 0.389062 0.559375 0.395313 0.559375 0.400000 0.551562 0.409375 0.546875
0 0.390625 0.487500 0.371875 0.489063 0.371875 0.492188 0.364063 0.496875 0.364063 0.506250 0.359375 0.510938 0.354687 0.510938 0.353125 0.517188 0.342187 0.514062 0.342187 0.520312 0.346875 0.521875 0.346875 0.526563 0.335938 0.528125 0.331250 0.551562 0.339062 0.551562 0.346875 0.540625 0.351562 0.540625 0.356250 0.534375 0.365625 0.532813 0.365625 0.525000 0.362500 0.520312 0.375000 0.515625 0.375000 0.506250 0.382812 0.496875 0.390625 0.493750
0 0.506250 0.484375 0.493750 0.484375 0.493750 0.489063 0.485938 0.496875 0.485938 0.504687 0.476562 0.512500 0.465625 0.528125 0.465625 0.535937 0.454688 0.539062 0.448437 0.546875 0.442188 0.546875 0.440625 0.551562 0.431250 0.557813 0.431250 0.564063 0.418750 0.573438 0.415625 0.587500 0.404687 0.596875 0.404687 0.609375 0.410938 0.609375 0.423438 0.598437 0.428125 0.598437 0.431250 0.589063 0.437500 0.584375 0.437500 0.578125 0.443750 0.576562 0.446875 0.567187 0.451562 0.564063 0.460938 0.564063 0.478125 0.551562 0.481250 0.546875 0.478125 0.535937 0.485938 0.526563 0.485938 0.518750 0.492188 0.510938 0.504687 0.510938 0.504687 0.503125 0.498437 0.495312 0.506250 0.492188
0 0.470313 0.479687 0.454688 0.482812 0.453125 0.501563 0.460938 0.501563 0.460938 0.495312 0.470313 0.485938
0 0.559375 0.429688 0.553125 0.429688 0.548438 0.437500 0.543750 0.437500 0.542188 0.442188 0.531250 0.445312 0.528125 0.460938 0.539062 0.462500 0.545312 0.445312 0.556250 0.440625
0 0.464062 0.407813 0.457813 0.407813 0.450000 0.412500 0.448437 0.418750 0.445312 0.418750 0.439063 0.426563 0.434375 0.426563 0.431250 0.437500 0.423438 0.440625 0.420312 0.446875 0.414062 0.446875 0.414062 0.453125 0.409375 0.454688 0.395313 0.473438 0.393750 0.485938 0.406250 0.485938 0.410938 0.470313 0.423438 0.460938 0.423438 0.456250 0.429688 0.453125 0.429688 0.446875 0.437500 0.443750 0.440625 0.439063 0.451562 0.435937 0.453125 0.428125 0.459375 0.428125 0.460938 0.420312 0.464062 0.418750
0 0.656250 0.401562 0.646875 0.401562 0.642188 0.406250 0.628125 0.409375 0.623437 0.415625 0.623437 0.421875 0.632812 0.431250 0.646875 0.428125 0.646875 0.415625 0.656250 0.409375
0 0.595313 0.389062 0.589063 0.389062 0.585938 0.404687 0.576562 0.412500 0.576562 0.431250 0.582812 0.431250 0.582812 0.426563 0.590625 0.415625
0 0.520312 0.353125 0.509375 0.353125 0.507812 0.362500 0.501563 0.364063 0.500000 0.370312 0.493750 0.370312 0.485938 0.376563 0.481250 0.376563 0.481250 0.389062 0.507812 0.382812 0.510938 0.362500 0.520312 0.359375
0 0.278125 0.173437 0.278125 0.181250 0.287500 0.185938 0.293750 0.195312 0.300000 0.195312 0.296875 0.181250 0.289062 0.179688 0.284375 0.173437
0 0.945312 0.007812 0.920312 0.009375 0.918750 0.017188 0.939063 0.018750 0.945312 0.014063
0 0.895312 0.000000 0.875000 0.000000 0.875000 0.009375 0.864062 0.012500 0.853125 0.039062 0.843750 0.043750 0.834375 0.059375 0.825000 0.064062 0.810937 0.084375 0.796875 0.093750 0.795312 0.103125 0.781250 0.114062 0.773438 0.126562 0.768750 0.126562 0.767188 0.132812 0.754687 0.145313 0.754687 0.150000 0.735938 0.165625 0.725000 0.184375 0.714063 0.195312 0.709375 0.195312 0.690625 0.223438 0.679688 0.231250 0.679688 0.235937 0.651563 0.260937 0.640625 0.282813 0.632812 0.290625 0.614062 0.292187 0.614062 0.307812 0.609375 0.312500 0.603125 0.312500 0.601562 0.325000 0.617188 0.325000 0.621875 0.315625 0.628125 0.314063 0.631250 0.325000 0.637500 0.329688 0.640625 0.339062 0.656250 0.343750 0.660937 0.350000 0.668750 0.350000 0.668750 0.342187 0.646875 0.321875 0.646875 0.312500 0.634375 0.309375 0.637500 0.301563 0.764062 0.160938 0.810937 0.101562 0.850000 0.062500 0.868750 0.035937 0.895312 0.010937
0 0.768750 0.000000 0.768750 0.003125 0.778125 0.003125 0.789062 0.010937 0.796875 0.010937 0.796875 0.000000
