0 0.662500 0.946875 0.657813 0.953125 0.657813 0.960938 0.671875 0.968750 0.671875 0.989062 0.678125 0.990625 0.676562 0.998437 0.701562 0.998437 0.698438 0.989062 0.689063 0.985938 0.690625 0.979688 0.696875 0.979688 0.698438 0.957812 0.685937 0.957812 0.679688 0.946875
0 0.670312 0.907813 0.665625 0.915625 0.665625 0.921875 0.681250 0.921875 0.685937 0.926562 0.687500 0.939063 0.701562 0.940625 0.706250 0.934375 0.703125 0.918750 0.690625 0.915625 0.679688 0.907813
0 0.609375 0.876563 0.612500 0.893750 0.620313 0.896875 0.617188 0.912500 0.626563 0.914062 0.632812 0.904687 0.635938 0.904687 0.640625 0.910937 0.639062 0.917188 0.626563 0.920312 0.626563 0.928125 0.631250 0.932813 0.651563 0.931250 0.646875 0.915625 0.653125 0.906250 0.653125 0.892188 0.642188 0.893750 0.640625 0.881250 0.637500 0.881250 0.635938 0.876563 0.629687 0.876563 0.628125 0.871875 0.621875 0.871875 0.620313 0.876563
0 0.578125 0.840625 0.578125 0.846875 0.581250 0.848437 0.579688 0.868750 0.582812 0.871875 0.584375 0.885938 0.593750 0.887500 0.598437 0.870313 0.595313 0.870313 0.587500 0.860938 0.587500 0.840625
0 0.603125 0.828125 0.600000 0.845313 0.603125 0.848437 0.606250 0.867188 0.623437 0.868750 0.626563 0.865625 0.626563 0.850000 0.623437 0.848437 0.621875 0.837500 0.614062 0.831250 0.614062 0.828125
0 0.590625 0.762500 0.587500 0.767188 0.587500 0.779687 0.593750 0.782813 0.595313 0.787500 0.585938 0.793750 0.585938 0.803125 0.595313 0.809375 0.596875 0.817187 0.609375 0.817187 0.609375 0.806250 0.606250 0.806250 0.604688 0.801562 0.609375 0.800000 0.609375 0.793750 0.614062 0.792188 0.614062 0.779687 0.604688 0.778125 0.604688 0.762500
0 0.460938 0.760938 0.460938 0.789062 0.475000 0.806250 0.475000 0.810937 0.482812 0.821875 0.482812 0.829688 0.487500 0.832812 0.487500 0.851562 0.492188 0.854688 0.492188 0.864062 0.503125 0.865625 0.506250 0.873437 0.515625 0.882812 0.520312 0.882812 0.528125 0.892188 0.534375 0.892188 0.534375 0.885938 0.539062 0.882812 0.542188 0.896875 0.551562 0.901563 0.559375 0.914062 0.571875 0.920312 0.573438 0.939063 0.581250 0.946875 0.581250 0.953125 0.598437 0.967187 0.600000 0.975000 0.603125 0.976562 0.600000 0.987500 0.628125 0.989062 0.628125 0.978125 0.614062 0.970313 0.614062 0.948438 0.625000 0.943750 0.625000 0.935937 0.614062 0.935937 0.609375 0.943750 0.601562 0.929688 0.595313 0.925000 0.592187 0.907813 0.584375 0.898438 0.576562 0.898438 0.573438 0.895312 0.571875 0.885938 0.568750 0.885938 0.564063 0.878125 0.554688 0.876563 0.548438 0.881250 0.542188 0.878125 0.542188 0.870313 0.537500 0.860938 0.531250 0.856250 0.531250 0.846875 0.528125 0.846875 0.523438 0.840625 0.512500 0.837500 0.517188 0.831250 0.515625 0.818750 0.506250 0.817187 0.503125 0.810937 0.498437 0.810937 0.493750 0.806250 0.495312 0.784375 0.489063 0.778125 0.476562 0.775000 0.471875 0.767188 0.471875 0.759375
0 0.412500 0.709375 0.412500 0.714063 0.407813 0.715625 0.407813 0.728125 0.421875 0.737500 0.421875 0.750000 0.429688 0.750000 0.426563 0.731250 0.439063 0.725000 0.440625 0.732812 0.456250 0.734375 0.451562 0.740625 0.451562 0.750000 0.456250 0.754687 0.464062 0.754687 0.467187 0.750000 0.468750 0.735938 0.459375 0.726562 0.459375 0.720313 0.446875 0.718750 0.445312 0.700000 0.435937 0.700000 0.429688 0.704688 0.417187 0.704688 0.417187 0.707812
0 0.510938 0.696875 0.509375 0.706250 0.518750 0.710938 0.521875 0.726562 0.529687 0.726562 0.531250 0.718750 0.535937 0.717187 0.548438 0.723437 0.553125 0.732812 0.570312 0.731250 0.570312 0.764062 0.573438 0.767188 0.581250 0.767188 0.582812 0.754687 0.592187 0.750000 0.592187 0.739062 0.575000 0.732812 0.575000 0.720313 0.564063 0.718750 0.560937 0.707812 0.554688 0.704688 0.553125 0.700000 0.543750 0.700000 0.542188 0.704688 0.535937 0.704688 0.526563 0.695312
0 0.442188 0.645312 0.440625 0.664062 0.451562 0.673438 0.456250 0.684375 0.454688 0.698438 0.471875 0.695312 0.475000 0.707812 0.493750 0.706250 0.495312 0.696875 0.485938 0.693750 0.484375 0.682813 0.481250 0.682813 0.479687 0.678125 0.467187 0.679688 0.465625 0.673438 0.462500 0.671875 0.462500 0.660937 0.454688 0.660937 0.453125 0.648438 0.450000 0.645312
0 0.465625 0.604688 0.464062 0.614062 0.467187 0.618750 0.479687 0.620313 0.484375 0.617188 0.484375 0.607812
0 0.404687 0.590625 0.404687 0.601562 0.401562 0.603125 0.403125 0.612500 0.410938 0.614062 0.412500 0.621875 0.420312 0.621875 0.426563 0.629687 0.425000 0.634375 0.420312 0.634375 0.420312 0.640625 0.437500 0.640625 0.442188 0.634375 0.445312 0.634375 0.445312 0.626563 0.440625 0.625000 0.440625 0.617188 0.435937 0.612500 0.415625 0.612500 0.414062 0.601562 0.418750 0.600000 0.418750 0.589063
0 0.337500 0.592187 0.337500 0.604688 0.342187 0.609375 0.342187 0.618750 0.351562 0.625000 0.351562 0.628125 0.359375 0.634375 0.359375 0.640625 0.364063 0.642188 0.364063 0.657813 0.367188 0.657813 0.368750 0.662500 0.375000 0.662500 0.378125 0.671875 0.392188 0.675000 0.400000 0.689063 0.404687 0.689063 0.406250 0.693750 0.421875 0.696875 0.423438 0.687500 0.412500 0.675000 0.400000 0.667188 0.400000 0.650000 0.393750 0.645312 0.390625 0.635938 0.382812 0.631250 0.379688 0.615625 0.368750 0.612500 0.370312 0.600000 0.362500 0.596875 0.362500 0.589063 0.342187 0.589063
0 0.414062 0.550000 0.414062 0.556250 0.423438 0.562500 0.423438 0.568750 0.432812 0.570312 0.432812 0.575000 0.439063 0.584375 0.439063 0.595313 0.453125 0.598437 0.453125 0.590625 0.445312 0.587500 0.445312 0.568750 0.435937 0.568750 0.434375 0.559375 0.428125 0.557813 0.428125 0.551562
0 0.364063 0.529687 0.356250 0.529687 0.356250 0.535937 0.346875 0.542188 0.346875 0.551562 0.342187 0.553125 0.342187 0.564063 0.332813 0.565625 0.332813 0.571875 0.353125 0.571875 0.356250 0.568750 0.364063 0.568750 0.364063 0.557813 0.354687 0.556250 0.359375 0.545312 0.371875 0.543750 0.371875 0.537500 0.365625 0.537500
0 0.409375 0.528125 0.400000 0.528125 0.400000 0.532813 0.392188 0.545312 0.385937 0.550000 0.373437 0.553125 0.373437 0.568750 0.381250 0.568750 0.385937 0.562500 0.400000 0.564063 0.400000 0.556250 0.410938 0.550000
0 0.368750 0.476562 0.368750 0.484375 0.373437 0.489063 0.390625 0.489063 0.392188 0.479687 0.387500 0.476562 0.379688 0.476562 0.378125 0.473438 0.371875 0.473438
0 0.393750 0.415625 0.381250 0.417187 0.379688 0.421875 0.373437 0.421875 0.373437 0.432812 0.364063 0.442188 0.364063 0.450000 0.367188 0.453125 0.378125 0.453125 0.382812 0.456250 0.381250 0.468750 0.392188 0.468750 0.396875 0.465625 0.395313 0.429688 0.387500 0.426563 0.389062 0.421875 0.393750 0.421875
0 0.365625 0.000000 0.339062 0.000000 0.343750 0.025000 0.337500 0.039062 0.346875 0.050000 0.342187 0.115625 0.329688 0.121875 0.332813 0.134375 0.325000 0.139063 0.323437 0.159375 0.315625 0.165625 0.315625 0.189062 0.309375 0.195312 0.296875 0.242188 0.298438 0.259375 0.310937 0.275000 0.307812 0.293750 0.315625 0.300000 0.310937 0.309375 0.315625 0.332813 0.298438 0.337500 0.298438 0.346875 0.310937 0.364063 0.306250 0.367188 0.306250 0.384375 0.289062 0.398438 0.289062 0.414062 0.315625 0.442188 0.315625 0.451562 0.323437 0.456250 0.320312 0.465625 0.310937 0.468750 0.310937 0.475000 0.315625 0.478125 0.315625 0.493750 0.325000 0.501563 0.325000 0.529687 0.332813 0.535937 0.346875 0.535937 0.343750 0.521875 0.345313 0.515625 0.351562 0.507812 0.365625 0.503125 0.360938 0.487500 0.348438 0.484375 0.348438 0.467187 0.340625 0.465625 0.337500 0.456250 0.331250 0.453125 0.334375 0.440625 0.339062 0.443750 0.340625 0.453125 0.353125 0.453125 0.353125 0.442188 0.343750 0.439063 0.353125 0.412500 0.346875 0.403125 0.339062 0.403125 0.343750 0.410938 0.340625 0.417187 0.335938 0.418750 0.310937 0.401562 0.315625 0.395313 0.334375 0.395313 0.326562 0.365625 0.339062 0.362500 0.343750 0.346875 0.353125 0.348438 0.357812 0.331250 0.367188 0.335938 0.360938 0.359375 0.357812 0.362500 0.342187 0.364063 0.342187 0.371875 0.356250 0.375000 0.360938 0.379688 0.365625 0.398438 0.378125 0.396875 0.382812 0.407813 0.392188 0.409375 0.382812 0.376563 0.367188 0.371875 0.371875 0.362500 0.375000 0.323437 0.365625 0.317188 0.365625 0.306250 0.346875 0.300000 0.356250 0.295312 0.356250 0.278125 0.329688 0.243750 0.335938 0.185938 0.348438 0.176563 0.348438 0.153125 0.357812 0.142187 0.356250 0.125000 0.378125 0.100000 0.370312 0.043750 0.365625 0.040625
0 0.209375 0.000000 0.192188 0.007812 0.189062 0.034375 0.175000 0.042188 0.175000 0.054688 0.167187 0.060937 0.173437 0.079687 0.156250 0.082812 0.160938 0.100000 0.156250 0.104688 0.156250 0.129688 0.148438 0.139063 0.153125 0.184375 0.143750 0.192188 0.148438 0.201563 0.143750 0.210938 0.146875 0.239063 0.137500 0.251563 0.126562 0.253125 0.131250 0.265625 0.126562 0.290625 0.134375 0.298438 0.126562 0.326562 0.134375 0.331250 0.131250 0.354687 0.139063 0.359375 0.143750 0.418750 0.153125 0.425000 0.143750 0.454688 0.143750 0.478125 0.148438 0.481250 0.143750 0.520312 0.156250 0.528125 0.153125 0.543750 0.160938 0.551562 0.175000 0.554688 0.175000 0.565625 0.184375 0.571875 0.192188 0.587500 0.217188 0.592187 0.228125 0.604688 0.239063 0.604688 0.239063 0.589063 0.250000 0.575000 0.264062 0.565625 0.293750 0.570312 0.304688 0.564063 0.303125 0.550000 0.296875 0.542188 0.276562 0.542188 0.265625 0.546875 0.253125 0.564063 0.235937 0.562500 0.185938 0.510938 0.171875 0.506250 0.176563 0.482812 0.167187 0.479687 0.170313 0.456250 0.162500 0.453125 0.176563 0.401562 0.167187 0.392188 0.171875 0.364063 0.164062 0.357812 0.171875 0.348438 0.171875 0.337500 0.167187 0.334375 0.171875 0.240625 0.162500 0.237500 0.157812 0.229687 0.168750 0.215625 0.167187 0.196875 0.176563 0.192188 0.184375 0.176563 0.193750 0.175000 0.193750 0.165625 0.184375 0.159375 0.185938 0.134375 0.182812 0.131250 0.189062 0.125000 0.189062 0.112500 0.175000 0.114062 0.171875 0.109375 0.189062 0.106250 0.192188 0.087500 0.210938 0.087500 0.215625 0.073438 0.210938 0.023438 0.231250 0.012500 0.231250 0.000000
