0 0.135937 0.881250 0.126562 0.881250 0.126562 0.910937 0.123438 0.912500 0.123438 0.918750 0.129688 0.918750 0.134375 0.906250 0.137500 0.904687
0 0.445312 0.793750 0.435937 0.800000 0.434375 0.806250 0.431250 0.806250 0.429688 0.829688 0.431250 0.832812 0.445312 0.834375 0.445312 0.846875 0.448437 0.850000 0.450000 0.864062 0.456250 0.871875 0.462500 0.871875 0.470313 0.865625 0.471875 0.846875 0.467187 0.831250 0.448437 0.829688 0.450000 0.815625 0.454688 0.814063 0.457813 0.795312
0 0.507812 0.687500 0.485938 0.687500 0.485938 0.695312 0.479687 0.698438 0.478125 0.704688 0.479687 0.715625 0.493750 0.715625 0.493750 0.710938 0.498437 0.706250 0.504687 0.706250 0.509375 0.701562
0 0.987500 0.673438 0.987500 0.693750 0.990625 0.696875 0.998437 0.696875 0.998437 0.678125 0.993750 0.673438
0 0.764062 0.670312 0.754687 0.670312 0.745313 0.678125 0.731250 0.682813 0.725000 0.718750 0.720313 0.717187 0.720313 0.712500 0.706250 0.714063 0.706250 0.723437 0.709375 0.725000 0.709375 0.731250 0.714063 0.737500 0.734375 0.737500 0.737500 0.728125 0.750000 0.726562 0.751563 0.715625 0.754687 0.714063 0.751563 0.690625 0.759375 0.689063 0.767188 0.681250
0 0.551562 0.650000 0.551562 0.657813 0.560937 0.657813 0.562500 0.660937 0.571875 0.660937 0.573438 0.646875 0.560937 0.645312
0 0.037500 0.634375 0.034375 0.654687 0.039062 0.662500 0.046875 0.662500 0.060937 0.673438 0.073438 0.673438 0.079687 0.676562 0.095312 0.692187 0.128125 0.684375 0.128125 0.657813 0.121875 0.653125 0.098437 0.651563 0.096875 0.656250 0.082812 0.656250 0.078125 0.651563 0.071875 0.651563 0.059375 0.639062 0.051562 0.637500 0.048438 0.631250
0 0.178125 0.657813 0.189062 0.662500 0.193750 0.650000 0.203125 0.650000 0.210938 0.657813 0.307812 0.654687 0.317188 0.659375 0.323437 0.648438 0.342187 0.640625 0.395313 0.640625 0.412500 0.631250 0.439063 0.631250 0.475000 0.607812 0.518750 0.600000 0.548438 0.601562 0.557813 0.592187 0.601562 0.609375 0.610938 0.626563 0.643750 0.631250 0.712500 0.621875 0.728125 0.626563 0.778125 0.621875 0.784375 0.631250 0.803125 0.632812 0.809375 0.623437 0.892188 0.618750 0.896875 0.609375 0.998437 0.617188 0.998437 0.598437 0.920312 0.585938 0.904687 0.600000 0.862500 0.593750 0.812500 0.600000 0.737500 0.598437 0.734375 0.590625 0.721875 0.590625 0.714063 0.598437 0.654687 0.603125 0.645312 0.595313 0.620313 0.595313 0.587500 0.568750 0.553125 0.568750 0.531250 0.581250 0.506250 0.585938 0.485938 0.581250 0.479687 0.589063 0.459375 0.590625 0.450000 0.579688 0.450000 0.568750 0.443750 0.568750 0.435937 0.554688 0.426563 0.554688 0.421875 0.576562 0.435937 0.606250 0.425000 0.612500 0.365625 0.607812 0.362500 0.612500 0.323437 0.617188 0.306250 0.634375 0.300000 0.629687 0.271875 0.634375 0.262500 0.628125 0.226562 0.634375 0.196875 0.617188
0 0.167187 0.592187 0.167187 0.565625 0.162500 0.559375 0.162500 0.546875 0.139063 0.545312 0.139063 0.548438 0.129688 0.556250 0.112500 0.553125 0.101562 0.559375 0.092188 0.560937 0.079687 0.559375 0.075000 0.554688 0.053125 0.557813 0.048438 0.554688 0.037500 0.554688 0.034375 0.550000 0.026562 0.550000 0.026562 0.559375 0.035937 0.559375 0.059375 0.578125 0.067187 0.578125 0.068750 0.582812 0.095312 0.582812 0.098437 0.578125 0.104688 0.578125 0.107813 0.575000 0.110937 0.578125 0.123438 0.578125 0.131250 0.582812 0.137500 0.582812 0.139063 0.587500 0.146875 0.587500 0.148438 0.592187
0 0.259375 0.529687 0.251563 0.529687 0.251563 0.535937 0.245312 0.545312 0.245312 0.564063 0.248438 0.567187 0.246875 0.581250 0.256250 0.581250 0.259375 0.576562 0.271875 0.575000 0.273438 0.557813 0.268750 0.556250 0.268750 0.550000 0.259375 0.535937
0 0.914062 0.468750 0.907813 0.476562 0.907813 0.493750 0.910937 0.493750 0.912500 0.498437 0.921875 0.498437 0.932813 0.509375 0.953125 0.514062 0.953125 0.509375 0.957812 0.507812 0.957812 0.501563 0.953125 0.500000 0.946875 0.487500 0.940625 0.487500 0.939063 0.479687 0.925000 0.479687 0.923438 0.468750
0 0.250000 0.431250 0.248438 0.443750 0.254688 0.450000 0.264062 0.450000 0.268750 0.445312 0.267188 0.434375 0.259375 0.429688
0 0.592187 0.423438 0.595313 0.459375 0.589063 0.462500 0.589063 0.475000 0.600000 0.484375 0.607812 0.484375 0.610938 0.479687 0.610938 0.464062 0.607812 0.459375 0.607812 0.451562 0.603125 0.445312 0.609375 0.442188 0.610938 0.429688 0.601562 0.423438
0 0.904687 0.395313 0.903125 0.406250 0.906250 0.412500 0.912500 0.412500 0.917188 0.420312 0.925000 0.420312 0.918750 0.398438 0.915625 0.395313
0 0.501563 0.231250 0.501563 0.245312 0.506250 0.246875 0.504687 0.257812 0.515625 0.256250 0.517188 0.239063 0.514062 0.239063 0.509375 0.231250
0 0.979688 0.215625 0.967187 0.214062 0.960938 0.217188 0.964063 0.234375 0.970313 0.234375 0.970313 0.231250 0.979688 0.225000
0 0.945312 0.210938 0.937500 0.218750 0.935937 0.229687 0.942187 0.234375 0.953125 0.234375 0.954688 0.215625 0.951562 0.210938
0 0.000000 0.192188 0.000000 0.239063 0.007812 0.237500 0.007812 0.196875 0.004687 0.192188
0 0.389062 0.132812 0.389062 0.139063 0.379688 0.142187 0.378125 0.157812 0.387500 0.162500 0.395313 0.162500 0.401562 0.154688 0.400000 0.132812
0 0.946875 0.131250 0.943750 0.134375 0.946875 0.162500 0.957812 0.162500 0.957812 0.135937 0.954688 0.135937 0.953125 0.131250
0 0.643750 0.112500 0.617188 0.114062 0.614062 0.109375 0.607812 0.109375 0.604688 0.112500 0.606250 0.125000 0.600000 0.139063 0.600000 0.150000 0.603125 0.151562 0.607812 0.168750 0.617188 0.168750 0.620313 0.162500 0.626563 0.162500 0.626563 0.156250 0.632812 0.150000 0.640625 0.150000 0.642188 0.143750 0.653125 0.134375 0.653125 0.123438 0.643750 0.120313
0 0.351562 0.073438 0.343750 0.084375 0.343750 0.092188 0.362500 0.092188 0.357812 0.073438
0 0.837500 0.034375 0.834375 0.040625 0.834375 0.056250 0.846875 0.057813 0.850000 0.054688 0.850000 0.043750 0.845313 0.039062 0.845313 0.034375
0 0.484375 0.000000 0.492188 0.012500 0.510938 0.014063 0.509375 0.000000
