0 0.203125 0.951562 0.192188 0.951562 0.184375 0.964063 0.178125 0.965625 0.168750 0.976562 0.165625 0.976562 0.165625 0.984375 0.168750 0.984375 0.170313 0.989062 0.193750 0.987500 0.206250 0.965625 0.206250 0.956250
0 0.234375 0.892188 0.214062 0.898438 0.214062 0.926562 0.218750 0.939063 0.228125 0.939063 0.237500 0.931250 0.237500 0.893750
0 0.362500 0.823438 0.359375 0.831250 0.359375 0.848437 0.350000 0.850000 0.350000 0.860938 0.357812 0.860938 0.365625 0.875000 0.371875 0.875000 0.375000 0.823438
0 0.328125 0.771875 0.325000 0.775000 0.325000 0.789062 0.328125 0.796875 0.339062 0.798438 0.339062 0.775000
0 0.475000 0.710938 0.470313 0.714063 0.470313 0.737500 0.473438 0.742188 0.484375 0.742188 0.484375 0.710938
0 0.539062 0.670312 0.529687 0.670312 0.525000 0.678125 0.510938 0.687500 0.510938 0.701562 0.518750 0.710938 0.518750 0.717187 0.512500 0.721875 0.517188 0.739062 0.510938 0.750000 0.510938 0.757812 0.503125 0.768750 0.481250 0.770312 0.478125 0.775000 0.471875 0.775000 0.471875 0.781250 0.479687 0.785937 0.476562 0.789062 0.465625 0.790625 0.462500 0.782813 0.453125 0.778125 0.453125 0.771875 0.446875 0.764062 0.451562 0.757812 0.457813 0.764062 0.468750 0.760938 0.465625 0.750000 0.445312 0.751563 0.434375 0.757812 0.434375 0.776563 0.443750 0.779687 0.443750 0.787500 0.434375 0.792188 0.434375 0.798438 0.439063 0.803125 0.443750 0.803125 0.446875 0.810937 0.443750 0.812500 0.443750 0.828125 0.429688 0.834375 0.434375 0.865625 0.421875 0.871875 0.415625 0.921875 0.432812 0.926562 0.434375 0.935937 0.429688 0.940625 0.423438 0.940625 0.420312 0.948438 0.412500 0.953125 0.414062 0.971875 0.407813 0.979688 0.406250 0.998437 0.426563 0.998437 0.426563 0.979688 0.431250 0.964063 0.437500 0.957812 0.453125 0.960938 0.467187 0.945312 0.462500 0.907813 0.453125 0.895312 0.453125 0.882812 0.457813 0.875000 0.459375 0.834375 0.484375 0.820312 0.487500 0.803125 0.493750 0.803125 0.501563 0.793750 0.512500 0.793750 0.518750 0.785937 0.526563 0.785937 0.531250 0.760938 0.543750 0.751563 0.543750 0.735938 0.546875 0.732812 0.548438 0.717187 0.551562 0.714063 0.553125 0.687500 0.548438 0.678125
0 0.395313 0.656250 0.373437 0.657813 0.373437 0.684375 0.381250 0.684375 0.389062 0.676562 0.398438 0.675000 0.400000 0.662500
0 0.492188 0.595313 0.473438 0.595313 0.471875 0.598437 0.454688 0.600000 0.446875 0.607812 0.442188 0.607812 0.440625 0.612500 0.421875 0.612500 0.420312 0.615625 0.407813 0.617188 0.417187 0.650000 0.426563 0.650000 0.431250 0.645312 0.451562 0.645312 0.453125 0.639062 0.459375 0.635938 0.460938 0.629687 0.465625 0.631250 0.465625 0.640625 0.473438 0.642188 0.473438 0.625000 0.464062 0.625000 0.462500 0.617188 0.468750 0.615625 0.484375 0.620313 0.484375 0.612500 0.492188 0.604688
0 0.662500 0.507812 0.653125 0.501563 0.646875 0.501563 0.640625 0.506250 0.629687 0.506250 0.629687 0.509375 0.625000 0.510938 0.625000 0.518750 0.614062 0.531250 0.592187 0.529687 0.590625 0.532813 0.581250 0.532813 0.575000 0.542188 0.564063 0.546875 0.568750 0.567187 0.578125 0.567187 0.578125 0.564063 0.582812 0.562500 0.584375 0.557813 0.590625 0.556250 0.598437 0.545312 0.612500 0.542188 0.615625 0.534375 0.642188 0.534375 0.650000 0.531250 0.651563 0.526563 0.656250 0.529687 0.665625 0.529687
0 0.665625 0.448437 0.662500 0.456250 0.665625 0.479687 0.670312 0.485938 0.679688 0.485938 0.679688 0.465625 0.676562 0.456250 0.673438 0.454688 0.671875 0.448437
0 0.000000 0.175000 0.000000 0.198437 0.004687 0.198437 0.006250 0.176563
0 0.651563 0.026562 0.651563 0.034375 0.656250 0.037500 0.656250 0.053125 0.668750 0.054688 0.675000 0.043750 0.689063 0.043750 0.689063 0.034375 0.676562 0.029687 0.675000 0.025000
0 0.764062 0.000000 0.735938 0.000000 0.734375 0.037500 0.746875 0.067187 0.740625 0.085938 0.771875 0.114062 0.768750 0.148438 0.756250 0.151562 0.721875 0.106250 0.715625 0.060937 0.695312 0.057813 0.687500 0.085938 0.704688 0.134375 0.779687 0.195312 0.757812 0.362500 0.775000 0.395313 0.771875 0.398438 0.753125 0.403125 0.753125 0.420312 0.726562 0.443750 0.740625 0.496875 0.715625 0.523438 0.687500 0.520312 0.642188 0.565625 0.612500 0.570312 0.595313 0.590625 0.570312 0.576562 0.562500 0.585938 0.512500 0.585938 0.507812 0.600000 0.535937 0.618750 0.507812 0.629687 0.506250 0.648438 0.520312 0.648438 0.537500 0.628125 0.556250 0.631250 0.576562 0.614062 0.614062 0.609375 0.635938 0.592187 0.640625 0.575000 0.664062 0.587500 0.717187 0.539062 0.742188 0.539062 0.785937 0.507812 0.776563 0.478125 0.798438 0.437500 0.784375 0.437500 0.768750 0.457813 0.762500 0.445312 0.775000 0.423438 0.792188 0.428125 0.784375 0.414062 0.795312 0.343750 0.789062 0.279687 0.803125 0.257812 0.803125 0.178125 0.831250 0.201563 0.860938 0.203125 0.881250 0.235937 0.870313 0.345313 0.854688 0.373437 0.867188 0.398438 0.846875 0.409375 0.845313 0.428125 0.821875 0.439063 0.806250 0.462500 0.842187 0.467187 0.854688 0.460938 0.864062 0.425000 0.887500 0.401562 0.881250 0.364063 0.909375 0.209375 0.829688 0.175000 0.829688 0.160938 0.790625 0.117188 0.793750 0.087500 0.759375 0.046875
0 0.660937 0.000000 0.660937 0.007812 0.664062 0.009375 0.685937 0.009375 0.692187 0.014063 0.704688 0.012500 0.704688 0.000000
