0 0.782813 0.832812 0.775000 0.832812 0.773438 0.835938 0.775000 0.851562 0.770312 0.853125 0.770312 0.862500 0.776563 0.862500 0.778125 0.857812 0.784375 0.856250 0.785937 0.845313
0 0.273438 0.775000 0.267188 0.775000 0.265625 0.782813 0.254688 0.785937 0.254688 0.798438 0.264062 0.798438 0.264062 0.790625 0.271875 0.789062
0 0.245312 0.742188 0.235937 0.742188 0.226562 0.751563 0.217188 0.753125 0.214062 0.757812 0.201563 0.757812 0.196875 0.765625 0.189062 0.767188 0.182812 0.782813 0.173437 0.789062 0.165625 0.806250 0.156250 0.810937 0.156250 0.817187 0.162500 0.820312 0.159375 0.825000 0.153125 0.821875 0.150000 0.814063 0.140625 0.814063 0.137500 0.818750 0.114062 0.820312 0.095312 0.829688 0.090625 0.848437 0.068750 0.871875 0.068750 0.876563 0.060937 0.879687 0.054688 0.889062 0.046875 0.889062 0.037500 0.903125 0.037500 0.914062 0.026562 0.917188 0.025000 0.929688 0.034375 0.939063 0.031250 0.959375 0.023438 0.964063 0.023438 0.976562 0.018750 0.981250 0.004687 0.979688 0.003125 0.992188 0.007812 0.993750 0.009375 0.998437 0.026562 0.998437 0.037500 0.984375 0.043750 0.984375 0.053125 0.973437 0.053125 0.962500 0.048438 0.959375 0.051562 0.953125 0.056250 0.956250 0.056250 0.960938 0.062500 0.960938 0.070312 0.953125 0.070312 0.943750 0.079687 0.932813 0.079687 0.915625 0.056250 0.917188 0.053125 0.912500 0.062500 0.903125 0.065625 0.890625 0.073438 0.882812 0.084375 0.882812 0.095312 0.875000 0.103125 0.875000 0.103125 0.868750 0.110937 0.864062 0.115625 0.876563 0.109375 0.879687 0.104688 0.900000 0.118750 0.900000 0.121875 0.887500 0.129688 0.882812 0.134375 0.873437 0.140625 0.871875 0.140625 0.865625 0.156250 0.846875 0.175000 0.848437 0.179688 0.843750 0.192188 0.842187 0.192188 0.835938 0.182812 0.832812 0.185938 0.829688 0.210938 0.834375 0.210938 0.823438 0.198437 0.821875 0.192188 0.815625 0.198437 0.807813 0.212500 0.807813 0.214062 0.793750 0.220312 0.784375 0.226562 0.787500 0.225000 0.803125 0.232813 0.801562 0.235937 0.796875 0.234375 0.771875 0.242188 0.765625 0.242188 0.757812 0.246875 0.753125
0 0.614062 0.739062 0.603125 0.740625 0.603125 0.751563 0.600000 0.754687 0.593750 0.754687 0.593750 0.760938 0.596875 0.764062 0.606250 0.765625 0.614062 0.759375
0 0.326562 0.676562 0.315625 0.678125 0.312500 0.682813 0.306250 0.682813 0.301563 0.687500 0.289062 0.690625 0.284375 0.695312 0.284375 0.701562 0.276562 0.704688 0.275000 0.714063 0.267188 0.723437 0.267188 0.734375 0.262500 0.742188 0.262500 0.756250 0.259375 0.757812 0.259375 0.764062 0.268750 0.764062 0.268750 0.756250 0.281250 0.751563 0.292187 0.753125 0.289062 0.764062 0.304688 0.764062 0.304688 0.753125 0.298438 0.753125 0.298438 0.746875 0.303125 0.750000 0.321875 0.750000 0.328125 0.740625 0.328125 0.717187 0.320312 0.717187 0.315625 0.723437 0.307812 0.720313 0.306250 0.714063 0.315625 0.707812 0.320312 0.707812 0.325000 0.701562
0 0.240625 0.614062 0.237500 0.635938 0.250000 0.637500 0.253125 0.635938 0.250000 0.614062
0 0.646875 0.520312 0.640625 0.515625 0.625000 0.515625 0.625000 0.523438 0.620313 0.528125 0.612500 0.528125 0.607812 0.540625 0.598437 0.548438 0.584375 0.554688 0.564063 0.554688 0.562500 0.560937 0.553125 0.565625 0.537500 0.562500 0.518750 0.581250 0.489063 0.584375 0.476562 0.578125 0.445312 0.576562 0.440625 0.585938 0.426563 0.585938 0.420312 0.593750 0.406250 0.593750 0.401562 0.600000 0.378125 0.603125 0.357812 0.629687 0.342187 0.634375 0.342187 0.645312 0.332813 0.650000 0.332813 0.659375 0.326562 0.662500 0.326562 0.670312 0.334375 0.670312 0.337500 0.664062 0.342187 0.664062 0.346875 0.673438 0.357812 0.673438 0.357812 0.665625 0.365625 0.660937 0.365625 0.648438 0.371875 0.648438 0.371875 0.657813 0.376563 0.665625 0.368750 0.668750 0.365625 0.676562 0.354687 0.684375 0.354687 0.700000 0.346875 0.703125 0.351562 0.726562 0.360938 0.728125 0.357812 0.709375 0.365625 0.706250 0.368750 0.693750 0.379688 0.687500 0.393750 0.665625 0.414062 0.646875 0.414062 0.639062 0.423438 0.634375 0.423438 0.628125 0.432812 0.614062 0.437500 0.614062 0.440625 0.618750 0.453125 0.618750 0.456250 0.614062 0.462500 0.614062 0.457813 0.603125 0.464062 0.598437 0.468750 0.601562 0.470313 0.614062 0.484375 0.614062 0.487500 0.609375 0.495312 0.609375 0.503125 0.604688 0.535937 0.601562 0.542188 0.587500 0.560937 0.590625 0.565625 0.587500 0.568750 0.579688 0.582812 0.581250 0.587500 0.573438 0.590625 0.576562 0.590625 0.582812 0.603125 0.582812 0.604688 0.573438 0.609375 0.570312 0.615625 0.581250 0.621875 0.581250 0.625000 0.557813 0.629687 0.560937 0.632812 0.573438 0.640625 0.573438 0.646875 0.550000 0.642188 0.529687 0.646875 0.526563
0 0.834375 0.448437 0.832812 0.460938 0.835938 0.464062 0.835938 0.475000 0.842187 0.475000 0.846875 0.464062 0.846875 0.453125 0.842187 0.448437
0 0.820312 0.443750 0.810937 0.443750 0.809375 0.446875 0.803125 0.448437 0.803125 0.467187 0.810937 0.467187 0.812500 0.460938 0.818750 0.460938 0.821875 0.457813
0 0.896875 0.331250 0.893750 0.328125 0.882812 0.328125 0.879687 0.332813 0.875000 0.332813 0.873437 0.337500 0.867188 0.339062 0.867188 0.350000 0.879687 0.346875 0.882812 0.337500 0.896875 0.337500
0 0.434375 0.203125 0.434375 0.209375 0.440625 0.212500 0.442188 0.225000 0.445312 0.228125 0.451562 0.228125 0.453125 0.210938 0.445312 0.209375 0.442188 0.203125
0 0.485938 0.181250 0.478125 0.181250 0.471875 0.192188 0.457813 0.189062 0.456250 0.196875 0.471875 0.198437 0.473438 0.203125 0.482812 0.203125
0 0.673438 0.112500 0.667188 0.112500 0.662500 0.121875 0.650000 0.126562 0.648438 0.140625 0.651563 0.142187 0.653125 0.150000 0.662500 0.150000 0.664062 0.145313 0.671875 0.140625 0.676562 0.129688
0 0.581250 0.079687 0.576562 0.082812 0.576562 0.101562 0.578125 0.104688 0.589063 0.104688 0.593750 0.100000 0.593750 0.090625 0.587500 0.079687
0 0.957812 0.051562 0.940625 0.051562 0.932813 0.042188 0.912500 0.043750 0.909375 0.051562 0.915625 0.062500 0.903125 0.065625 0.903125 0.081250 0.893750 0.081250 0.893750 0.092188 0.903125 0.098437 0.898438 0.106250 0.903125 0.126562 0.900000 0.128125 0.876563 0.123438 0.876563 0.140625 0.885938 0.145313 0.885938 0.156250 0.865625 0.171875 0.864062 0.184375 0.854688 0.187500 0.839063 0.240625 0.828125 0.250000 0.828125 0.268750 0.810937 0.276562 0.806250 0.292187 0.810937 0.309375 0.798438 0.317188 0.809375 0.346875 0.801562 0.351562 0.804688 0.360938 0.795312 0.365625 0.792188 0.381250 0.781250 0.379688 0.787500 0.364063 0.776563 0.360938 0.778125 0.343750 0.770312 0.340625 0.767188 0.381250 0.750000 0.401562 0.740625 0.434375 0.740625 0.450000 0.760938 0.440625 0.762500 0.448437 0.754687 0.451562 0.759375 0.462500 0.732812 0.476562 0.701562 0.465625 0.695312 0.471875 0.693750 0.465625 0.682813 0.465625 0.678125 0.475000 0.668750 0.478125 0.650000 0.512500 0.650000 0.518750 0.660937 0.517188 0.664062 0.525000 0.662500 0.531250 0.650000 0.531250 0.650000 0.539062 0.664062 0.542188 0.659375 0.550000 0.651563 0.551562 0.653125 0.565625 0.662500 0.565625 0.675000 0.548438 0.687500 0.545312 0.700000 0.521875 0.718750 0.517188 0.737500 0.484375 0.767188 0.481250 0.790625 0.432812 0.807813 0.418750 0.814063 0.376563 0.842187 0.334375 0.845313 0.320312 0.851562 0.317188 0.851562 0.306250 0.873437 0.290625 0.900000 0.237500 0.904687 0.179688 0.912500 0.175000 0.921875 0.125000 0.935937 0.098437 0.948438 0.092188 0.951562 0.079687 0.960938 0.075000
0 0.607812 0.035937 0.600000 0.035937 0.600000 0.039062 0.592187 0.043750 0.593750 0.057813 0.606250 0.056250
0 0.418750 0.007812 0.417187 0.015625 0.412500 0.020313 0.412500 0.026562 0.417187 0.034375 0.426563 0.034375 0.428125 0.007812
0 0.998437 0.000000 0.992188 0.000000 0.985938 0.050000 0.995313 0.048438
