0 0.556250 0.789062 0.556250 0.798438 0.559375 0.800000 0.576562 0.798438 0.576562 0.792188
0 0.462500 0.612500 0.451562 0.612500 0.446875 0.609375 0.434375 0.612500 0.434375 0.623437 0.442188 0.628125 0.439063 0.645312 0.435937 0.648438 0.417187 0.648438 0.417187 0.678125 0.407813 0.682813 0.407813 0.689063 0.421875 0.689063 0.423438 0.684375 0.435937 0.684375 0.435937 0.681250 0.440625 0.679688 0.440625 0.675000 0.445312 0.670312 0.450000 0.670312 0.450000 0.664062 0.454688 0.662500 0.454688 0.656250 0.459375 0.653125
0 0.310937 0.603125 0.307812 0.607812 0.303125 0.607812 0.303125 0.617188 0.312500 0.617188 0.315625 0.621875 0.301563 0.629687 0.303125 0.645312 0.310937 0.651563 0.310937 0.668750 0.323437 0.681250 0.325000 0.693750 0.337500 0.703125 0.337500 0.707812 0.346875 0.710938 0.346875 0.715625 0.340625 0.721875 0.332813 0.721875 0.332813 0.728125 0.345313 0.729688 0.346875 0.750000 0.359375 0.750000 0.371875 0.775000 0.385937 0.782813 0.385937 0.804688 0.365625 0.832812 0.357812 0.832812 0.348438 0.818750 0.342187 0.818750 0.339062 0.806250 0.326562 0.806250 0.318750 0.817187 0.304688 0.823438 0.296875 0.840625 0.301563 0.885938 0.293750 0.898438 0.293750 0.912500 0.300000 0.917188 0.301563 0.923438 0.293750 0.932813 0.293750 0.942187 0.301563 0.953125 0.310937 0.954688 0.315625 0.965625 0.320312 0.968750 0.323437 0.998437 0.387500 0.998437 0.387500 0.992188 0.365625 0.976562 0.365625 0.903125 0.370312 0.900000 0.370312 0.862500 0.401562 0.821875 0.409375 0.801562 0.404687 0.784375 0.409375 0.781250 0.410938 0.770312 0.403125 0.770312 0.398438 0.753125 0.387500 0.748437 0.387500 0.726562 0.370312 0.720313 0.373437 0.715625 0.392188 0.707812 0.392188 0.696875 0.381250 0.690625 0.387500 0.684375 0.387500 0.675000 0.379688 0.668750 0.376563 0.656250 0.365625 0.656250 0.360938 0.662500 0.354687 0.664062 0.351562 0.656250 0.342187 0.650000 0.340625 0.632812 0.351562 0.623437 0.351562 0.617188 0.343750 0.612500 0.343750 0.604688 0.331250 0.600000 0.320312 0.610938 0.317188 0.603125
0 0.512500 0.573438 0.510938 0.598437 0.523438 0.598437 0.521875 0.584375 0.526563 0.581250 0.526563 0.573438
0 0.948438 0.565625 0.948438 0.578125 0.956250 0.579688 0.956250 0.590625 0.960938 0.593750 0.973437 0.592187 0.971875 0.568750 0.964063 0.565625
0 0.160938 0.542188 0.160938 0.548438 0.164062 0.551562 0.168750 0.551562 0.173437 0.556250 0.182812 0.554688 0.182812 0.545312
0 0.062500 0.542188 0.046875 0.540625 0.042188 0.546875 0.042188 0.553125 0.037500 0.559375 0.039062 0.590625 0.048438 0.590625 0.051562 0.584375 0.057813 0.582812 0.065625 0.573438 0.065625 0.546875
0 0.482812 0.518750 0.476562 0.525000 0.476562 0.534375 0.479687 0.539062 0.487500 0.539062 0.492188 0.531250 0.492188 0.525000 0.489063 0.518750
0 0.490625 0.440625 0.473438 0.439063 0.465625 0.456250 0.465625 0.462500 0.475000 0.460938 0.490625 0.448437
0 0.507812 0.350000 0.492188 0.351562 0.492188 0.357812 0.484375 0.360938 0.484375 0.368750 0.487500 0.371875 0.493750 0.371875 0.496875 0.364063 0.510938 0.362500
0 0.346875 0.304688 0.337500 0.304688 0.337500 0.312500 0.332813 0.315625 0.332813 0.343750 0.325000 0.353125 0.325000 0.364063 0.320312 0.367188 0.320312 0.371875 0.315625 0.373437 0.315625 0.384375 0.310937 0.385937 0.310937 0.404687 0.314063 0.404687 0.323437 0.415625 0.325000 0.426563 0.320312 0.428125 0.320312 0.432812 0.310937 0.440625 0.310937 0.446875 0.306250 0.454688 0.306250 0.478125 0.312500 0.478125 0.314063 0.467187 0.328125 0.465625 0.334375 0.457813 0.329688 0.442188 0.343750 0.439063 0.343750 0.431250 0.339062 0.428125 0.339062 0.418750 0.334375 0.409375 0.343750 0.403125 0.342187 0.370312 0.351562 0.357812 0.348438 0.331250 0.357812 0.329688 0.357812 0.321875 0.348438 0.320312
0 0.845313 0.304688 0.845313 0.312500 0.868750 0.312500 0.868750 0.306250 0.864062 0.303125
0 0.700000 0.245312 0.700000 0.256250 0.709375 0.264062 0.721875 0.264062 0.718750 0.246875
0 0.482812 0.140625 0.473438 0.142187 0.473438 0.146875 0.467187 0.151562 0.467187 0.162500 0.475000 0.162500 0.475000 0.159375 0.482812 0.153125
0 0.825000 0.051562 0.825000 0.059375 0.834375 0.068750 0.846875 0.070312 0.848437 0.056250 0.835938 0.056250 0.832812 0.051562
0 0.310937 0.000000 0.320312 0.015625 0.320312 0.035937 0.340625 0.042188 0.329688 0.046875 0.325000 0.081250 0.364063 0.110937 0.359375 0.159375 0.332813 0.179688 0.332813 0.268750 0.345313 0.275000 0.335938 0.285938 0.345313 0.290625 0.368750 0.264062 0.367188 0.251563 0.357812 0.254688 0.354687 0.253125 0.357812 0.240625 0.351562 0.237500 0.367188 0.226562 0.350000 0.184375 0.365625 0.176563 0.371875 0.164062 0.373437 0.181250 0.362500 0.187500 0.364063 0.204687 0.378125 0.206250 0.373437 0.256250 0.384375 0.281250 0.373437 0.317188 0.390625 0.326562 0.385937 0.348438 0.398438 0.359375 0.401562 0.375000 0.415625 0.382812 0.412500 0.404687 0.425000 0.412500 0.406250 0.443750 0.384375 0.454688 0.359375 0.456250 0.353125 0.464062 0.346875 0.504687 0.334375 0.515625 0.342187 0.557813 0.332813 0.562500 0.329688 0.582812 0.342187 0.581250 0.350000 0.568750 0.385937 0.565625 0.390625 0.556250 0.418750 0.565625 0.420312 0.551562 0.426563 0.565625 0.425000 0.582812 0.412500 0.596875 0.412500 0.614062 0.431250 0.609375 0.439063 0.564063 0.431250 0.537500 0.440625 0.534375 0.435937 0.496875 0.426563 0.485938 0.428125 0.446875 0.435937 0.434375 0.431250 0.409375 0.440625 0.364063 0.440625 0.301563 0.428125 0.298438 0.432812 0.292187 0.431250 0.267188 0.410938 0.271875 0.396875 0.260937 0.400000 0.189062 0.389062 0.182812 0.401562 0.175000 0.417187 0.192188 0.426563 0.192188 0.429688 0.148438 0.417187 0.129688 0.400000 0.120313 0.401562 0.090625 0.392188 0.084375 0.387500 0.040625 0.370312 0.021875 0.370312 0.000000
