0 0.104688 0.964063 0.087500 0.965625 0.082812 0.970313 0.078125 0.995313 0.087500 0.995313 0.087500 0.989062 0.092188 0.987500 0.093750 0.979688 0.098437 0.975000 0.104688 0.975000
0 0.259375 0.867188 0.256250 0.881250 0.257812 0.896875 0.268750 0.896875 0.271875 0.879687 0.268750 0.878125 0.267188 0.867188
0 0.528125 0.804688 0.525000 0.821875 0.528125 0.826562 0.535937 0.826562 0.539062 0.820312 0.539062 0.804688
0 0.331250 0.735938 0.323437 0.735938 0.318750 0.756250 0.329688 0.754687
0 0.457813 0.543750 0.448437 0.543750 0.446875 0.556250 0.442188 0.559375 0.442188 0.565625 0.450000 0.565625 0.450000 0.559375 0.457813 0.551562
0 0.945312 0.514062 0.931250 0.517188 0.925000 0.521875 0.923438 0.529687 0.915625 0.529687 0.915625 0.539062 0.925000 0.539062 0.926562 0.532813 0.939063 0.531250 0.939063 0.526563 0.945312 0.521875
0 0.843750 0.418750 0.843750 0.459375 0.851562 0.460938 0.851562 0.453125 0.856250 0.451562 0.857812 0.443750 0.864062 0.440625 0.876563 0.440625 0.878125 0.429688 0.871875 0.425000 0.862500 0.425000 0.854688 0.418750
0 0.968750 0.385937 0.970313 0.406250 0.984375 0.404687 0.981250 0.387500
0 0.931250 0.385937 0.925000 0.385937 0.925000 0.398438 0.918750 0.403125 0.920312 0.410938 0.932813 0.409375
0 0.792188 0.368750 0.790625 0.404687 0.798438 0.404687 0.798438 0.398438 0.803125 0.395313 0.803125 0.373437 0.798438 0.368750
0 0.557813 0.357812 0.545312 0.357812 0.545312 0.362500 0.539062 0.364063 0.534375 0.370312 0.529687 0.400000 0.543750 0.400000 0.548438 0.396875 0.548438 0.389062 0.551562 0.387500 0.557813 0.370312
0 0.881250 0.353125 0.881250 0.359375 0.884375 0.360938 0.885938 0.367188 0.876563 0.368750 0.876563 0.375000 0.889062 0.375000 0.895312 0.387500 0.904687 0.387500 0.904687 0.365625 0.892188 0.364063 0.890625 0.353125
0 0.565625 0.289062 0.559375 0.289062 0.556250 0.293750 0.551562 0.293750 0.542188 0.301563 0.542188 0.320312 0.553125 0.318750 0.565625 0.303125
0 0.607812 0.240625 0.604688 0.248438 0.607812 0.267188 0.614062 0.267188 0.614062 0.240625
0 0.939063 0.201563 0.939063 0.206250 0.934375 0.210938 0.934375 0.237500 0.940625 0.237500 0.942187 0.226562 0.946875 0.228125 0.946875 0.237500 0.953125 0.237500 0.957812 0.232813 0.960938 0.209375 0.950000 0.209375 0.948438 0.201563
0 0.425000 0.190625 0.425000 0.214062 0.434375 0.215625 0.434375 0.210938 0.442188 0.203125 0.442188 0.196875 0.435937 0.190625
0 0.570312 0.135937 0.573438 0.159375 0.581250 0.160938 0.582812 0.135937
0 0.692187 0.103125 0.684375 0.103125 0.679688 0.106250 0.679688 0.125000 0.685937 0.125000 0.692187 0.117188
0 0.764062 0.085938 0.754687 0.087500 0.745313 0.103125 0.746875 0.110937 0.756250 0.110937 0.762500 0.104688
0 0.850000 0.017188 0.846875 0.043750 0.857812 0.043750 0.860938 0.020313 0.859375 0.017188
0 0.981250 0.000000 0.968750 0.000000 0.954688 0.032813 0.898438 0.081250 0.862500 0.207813 0.803125 0.240625 0.782813 0.306250 0.778125 0.310937 0.757812 0.317188 0.765625 0.335938 0.728125 0.364063 0.729688 0.373437 0.750000 0.375000 0.754687 0.385937 0.751563 0.387500 0.739062 0.379688 0.725000 0.387500 0.721875 0.373437 0.704688 0.373437 0.673438 0.425000 0.631250 0.453125 0.629687 0.482812 0.643750 0.482812 0.629687 0.496875 0.610938 0.493750 0.623437 0.470313 0.621875 0.448437 0.612500 0.448437 0.603125 0.509375 0.620313 0.512500 0.606250 0.550000 0.601562 0.551562 0.587500 0.540625 0.564063 0.548438 0.501563 0.651563 0.506250 0.670312 0.520312 0.675000 0.473438 0.678125 0.459375 0.700000 0.454688 0.710938 0.448437 0.753125 0.417187 0.789062 0.400000 0.865625 0.409375 0.898438 0.398438 0.912500 0.406250 0.932813 0.393750 0.981250 0.415625 0.971875 0.423438 0.998437 0.435937 0.998437 0.450000 0.860938 0.492188 0.779687 0.493750 0.740625 0.531250 0.709375 0.576562 0.621875 0.631250 0.562500 0.654687 0.514062 0.662500 0.465625 0.678125 0.462500 0.685937 0.443750 0.706250 0.454688 0.714063 0.440625 0.739062 0.440625 0.768750 0.400000 0.764062 0.384375 0.776563 0.382812 0.767188 0.360938 0.796875 0.343750 0.798438 0.326562 0.812500 0.342187 0.845313 0.276562 0.842187 0.262500 0.820312 0.267188 0.817187 0.250000 0.848437 0.232813 0.857812 0.264062 0.868750 0.265625 0.907813 0.240625 0.907813 0.218750 0.889062 0.221875 0.882812 0.220312 0.879687 0.182812 0.910937 0.154688 0.929688 0.192188 0.931250 0.114062 0.915625 0.112500 0.914062 0.082812 0.925000 0.082812 0.931250 0.106250 0.975000 0.092188 0.981250 0.067187 0.964063 0.073438 0.953125 0.060937 0.960938 0.059375 0.971875 0.062500 0.975000 0.048438 0.979688 0.062500 0.992188 0.057813 0.995313 0.029687
0 0.539062 0.000000 0.542188 0.023438 0.551562 0.023438 0.556250 0.000000
