0 0.153125 0.942187 0.154688 0.953125 0.157812 0.953125 0.159375 0.957812 0.170313 0.957812 0.175000 0.954688 0.181250 0.965625 0.187500 0.965625 0.187500 0.939063 0.160938 0.937500
0 0.014063 0.825000 0.007812 0.825000 0.003125 0.829688 0.003125 0.837500 0.000000 0.839063 0.000000 0.864062 0.003125 0.864062 0.004687 0.853125 0.012500 0.846875
0 0.153125 0.823438 0.153125 0.829688 0.160938 0.839063 0.165625 0.840625 0.165625 0.843750 0.170313 0.845313 0.170313 0.848437 0.175000 0.850000 0.175000 0.856250 0.185938 0.856250 0.185938 0.853125 0.190625 0.851562 0.185938 0.832812 0.179688 0.832812 0.173437 0.823438
0 0.226562 0.581250 0.218750 0.581250 0.215625 0.585938 0.201563 0.585938 0.193750 0.592187 0.193750 0.601562 0.185938 0.606250 0.184375 0.615625 0.160938 0.621875 0.156250 0.632812 0.148438 0.637500 0.148438 0.657813 0.157812 0.657813 0.171875 0.645312 0.181250 0.628125 0.187500 0.626563 0.190625 0.614062 0.195312 0.614062 0.215625 0.603125 0.217188 0.596875 0.225000 0.592187
0 0.070312 0.531250 0.064062 0.531250 0.064062 0.600000 0.046875 0.628125 0.046875 0.640625 0.037500 0.648438 0.037500 0.676562 0.042188 0.693750 0.042188 0.706250 0.051562 0.715625 0.050000 0.725000 0.037500 0.725000 0.039062 0.745313 0.043750 0.751563 0.053125 0.751563 0.053125 0.740625 0.050000 0.737500 0.053125 0.732812 0.057813 0.732812 0.060937 0.737500 0.068750 0.737500 0.071875 0.729688 0.071875 0.720313 0.068750 0.712500 0.062500 0.709375 0.060937 0.667188 0.070312 0.665625 0.071875 0.653125 0.060937 0.653125 0.056250 0.650000 0.060937 0.642188 0.071875 0.640625 0.073438 0.610938 0.078125 0.601562 0.078125 0.548438
0 0.432812 0.534375 0.423438 0.526563 0.417187 0.526563 0.412500 0.531250 0.412500 0.535937 0.407813 0.537500 0.406250 0.550000 0.392188 0.551562 0.382812 0.562500 0.376563 0.564063 0.373437 0.573438 0.368750 0.576562 0.368750 0.587500 0.382812 0.587500 0.382812 0.584375 0.392188 0.578125 0.395313 0.567187 0.400000 0.565625 0.401562 0.560937 0.414062 0.559375 0.420312 0.553125 0.431250 0.548438
0 0.318750 0.489063 0.306250 0.487500 0.306250 0.495312 0.295312 0.510938 0.289062 0.510938 0.281250 0.531250 0.267188 0.529687 0.267188 0.532813 0.254688 0.542188 0.239063 0.546875 0.234375 0.570312 0.245312 0.568750 0.251563 0.564063 0.251563 0.559375 0.256250 0.554688 0.264062 0.551562 0.278125 0.539062 0.293750 0.539062 0.295312 0.532813 0.300000 0.529687 0.300000 0.523438 0.315625 0.510938 0.318750 0.503125
0 0.015625 0.479687 0.015625 0.492188 0.020313 0.493750 0.020313 0.507812 0.023438 0.507812 0.025000 0.512500 0.037500 0.512500 0.037500 0.493750 0.026562 0.478125
0 0.823438 0.462500 0.825000 0.475000 0.848437 0.476562 0.848437 0.470313 0.842187 0.467187 0.840625 0.457813 0.829688 0.457813
0 0.462500 0.440625 0.450000 0.443750 0.457813 0.482812 0.443750 0.498437 0.443750 0.509375 0.439063 0.518750 0.440625 0.529687 0.450000 0.529687 0.457813 0.517188 0.462500 0.500000 0.467187 0.498437 0.467187 0.490625 0.471875 0.484375 0.471875 0.456250 0.467187 0.446875 0.462500 0.445312
0 0.126562 0.323437 0.126562 0.329688 0.143750 0.346875 0.143750 0.354687 0.148438 0.359375 0.148438 0.365625 0.151562 0.365625 0.160938 0.376563 0.162500 0.387500 0.165625 0.389062 0.165625 0.406250 0.170313 0.407813 0.170313 0.415625 0.176563 0.415625 0.181250 0.406250 0.179688 0.385937 0.176563 0.384375 0.176563 0.376563 0.168750 0.373437 0.164062 0.365625 0.162500 0.354687 0.154688 0.345313 0.154688 0.334375 0.145313 0.325000
0 0.043750 0.320312 0.040625 0.334375 0.059375 0.359375 0.059375 0.373437 0.067187 0.375000 0.071875 0.379688 0.093750 0.431250 0.089063 0.457813 0.076563 0.460938 0.064062 0.415625 0.046875 0.412500 0.042188 0.417187 0.046875 0.446875 0.068750 0.475000 0.109375 0.484375 0.112500 0.487500 0.103125 0.506250 0.089063 0.496875 0.078125 0.504687 0.090625 0.543750 0.112500 0.562500 0.114062 0.573438 0.101562 0.596875 0.106250 0.621875 0.100000 0.625000 0.095312 0.667188 0.085938 0.684375 0.095312 0.714063 0.092188 0.789062 0.082812 0.793750 0.070312 0.776563 0.065625 0.775000 0.043750 0.779687 0.037500 0.790625 0.043750 0.825000 0.059375 0.832812 0.056250 0.859375 0.046875 0.864062 0.059375 0.896875 0.051562 0.903125 0.053125 0.923438 0.034375 0.907813 0.029687 0.953125 0.054688 0.964063 0.059375 0.970313 0.060937 0.979688 0.070312 0.979688 0.073438 0.987500 0.093750 0.992188 0.098437 0.998437 0.131250 0.998437 0.115625 0.981250 0.118750 0.957812 0.096875 0.932813 0.089063 0.865625 0.110937 0.804688 0.114062 0.775000 0.128125 0.767188 0.128125 0.754687 0.114062 0.732812 0.115625 0.712500 0.104688 0.681250 0.110937 0.664062 0.118750 0.659375 0.128125 0.620313 0.132812 0.482812 0.118750 0.459375 0.118750 0.421875 0.110937 0.417187 0.109375 0.390625 0.092188 0.367188 0.078125 0.360938 0.078125 0.329688
0 0.182812 0.303125 0.182812 0.326562 0.184375 0.329688 0.193750 0.329688 0.196875 0.325000 0.198437 0.310937 0.193750 0.303125
0 0.000000 0.298438 0.000000 0.306250 0.007812 0.314063 0.007812 0.318750 0.029687 0.317188 0.031250 0.307812 0.018750 0.307812 0.014063 0.298438
0 0.079687 0.281250 0.082812 0.309375 0.096875 0.309375 0.101562 0.315625 0.112500 0.315625 0.110937 0.303125 0.098437 0.296875 0.096875 0.289062 0.093750 0.289062 0.087500 0.281250
0 0.129688 0.235937 0.125000 0.243750 0.125000 0.250000 0.135937 0.260937 0.139063 0.268750 0.145313 0.268750 0.146875 0.264062 0.151562 0.264062 0.150000 0.245312 0.145313 0.245312 0.139063 0.235937
0 0.614062 0.223438 0.614062 0.229687 0.621875 0.245312 0.628125 0.245312 0.626563 0.223438
0 0.000000 0.112500 0.000000 0.181250 0.009375 0.178125 0.010937 0.189062 0.017188 0.193750 0.017188 0.207813 0.010937 0.209375 0.012500 0.228125 0.015625 0.231250 0.023438 0.231250 0.031250 0.221875 0.037500 0.221875 0.042188 0.226562 0.042188 0.234375 0.045312 0.239063 0.045312 0.248438 0.026562 0.251563 0.023438 0.259375 0.015625 0.264062 0.014063 0.273438 0.018750 0.279687 0.029687 0.279687 0.037500 0.268750 0.053125 0.268750 0.056250 0.273438 0.070312 0.271875 0.070312 0.264062 0.065625 0.257812 0.065625 0.248438 0.070312 0.243750 0.070312 0.231250 0.062500 0.225000 0.060937 0.218750 0.053125 0.217188 0.053125 0.200000 0.048438 0.196875 0.026562 0.195312 0.026562 0.187500 0.031250 0.184375 0.031250 0.175000 0.012500 0.168750 0.012500 0.148438 0.007812 0.145313 0.004687 0.137500 0.004687 0.115625
0 0.085938 0.045312 0.085938 0.051562 0.089063 0.051562 0.090625 0.056250 0.106250 0.057813 0.106250 0.051562 0.096875 0.045312
0 0.000000 0.017188 0.000000 0.043750 0.007812 0.043750 0.003125 0.017188
0 0.373437 0.000000 0.370312 0.018750 0.364063 0.025000 0.364063 0.031250 0.359375 0.034375 0.359375 0.053125 0.354687 0.060937 0.354687 0.090625 0.357812 0.103125 0.365625 0.112500 0.367188 0.123438 0.376563 0.134375 0.376563 0.154688 0.381250 0.159375 0.381250 0.173437 0.378125 0.175000 0.376563 0.195312 0.373437 0.196875 0.371875 0.206250 0.359375 0.209375 0.356250 0.221875 0.365625 0.240625 0.376563 0.248438 0.376563 0.271875 0.387500 0.290625 0.390625 0.304688 0.403125 0.314063 0.406250 0.326562 0.415625 0.340625 0.417187 0.351562 0.428125 0.359375 0.442188 0.376563 0.443750 0.387500 0.448437 0.390625 0.450000 0.426563 0.462500 0.428125 0.462500 0.385937 0.456250 0.373437 0.451562 0.373437 0.440625 0.359375 0.440625 0.350000 0.428125 0.337500 0.423438 0.323437 0.409375 0.314063 0.409375 0.303125 0.401562 0.289062 0.401562 0.276562 0.396875 0.270313 0.396875 0.260937 0.392188 0.256250 0.392188 0.240625 0.375000 0.225000 0.375000 0.212500 0.396875 0.200000 0.396875 0.135937 0.392188 0.132812 0.392188 0.126562 0.387500 0.123438 0.387500 0.114062 0.379688 0.104688 0.382812 0.021875 0.392188 0.009375 0.392188 0.000000
0 0.060937 0.000000 0.064062 0.010937 0.068750 0.014063 0.068750 0.035937 0.073438 0.039062 0.082812 0.039062 0.084375 0.018750 0.081250 0.012500 0.081250 0.000000
