0 0.278125 0.878125 0.259375 0.876563 0.254688 0.884375 0.246875 0.887500 0.246875 0.896875 0.259375 0.900000 0.270313 0.895312 0.278125 0.885938
0 0.420312 0.826562 0.420312 0.834375 0.426563 0.835938 0.457813 0.834375 0.457813 0.831250 0.464062 0.828125 0.473438 0.832812 0.473438 0.839063 0.476562 0.839063 0.478125 0.843750 0.484375 0.843750 0.485938 0.829688 0.476562 0.820312 0.451562 0.820312 0.442188 0.825000
0 0.014063 0.803125 0.014063 0.810937 0.018750 0.817187 0.032813 0.815625 0.032813 0.798438 0.018750 0.798438
0 0.184375 0.740625 0.187500 0.756250 0.182812 0.757812 0.182812 0.764062 0.187500 0.767188 0.203125 0.767188 0.204687 0.764062 0.210938 0.762500 0.210938 0.753125 0.206250 0.746875 0.198437 0.745313 0.193750 0.740625
0 0.000000 0.698438 0.000000 0.723437 0.003125 0.723437 0.006250 0.720313 0.006250 0.701562
0 0.104688 0.653125 0.103125 0.682813 0.117188 0.682813 0.117188 0.671875 0.114062 0.670312 0.115625 0.653125
0 0.381250 0.648438 0.381250 0.657813 0.387500 0.657813 0.389062 0.654687 0.393750 0.657813 0.406250 0.657813 0.406250 0.650000 0.400000 0.645312 0.398438 0.639062 0.387500 0.639062 0.385937 0.645312
0 0.704688 0.603125 0.704688 0.606250 0.698438 0.607812 0.695312 0.615625 0.690625 0.618750 0.690625 0.628125 0.700000 0.631250 0.703125 0.635938 0.715625 0.637500 0.715625 0.607812 0.712500 0.607812 0.710938 0.603125
0 0.448437 0.592187 0.448437 0.600000 0.454688 0.600000 0.456250 0.603125 0.467187 0.601562 0.467187 0.598437 0.476562 0.592187 0.481250 0.593750 0.481250 0.600000 0.495312 0.596875 0.496875 0.601562 0.506250 0.607812 0.503125 0.612500 0.503125 0.618750 0.506250 0.620313 0.515625 0.618750 0.515625 0.609375 0.523438 0.604688 0.526563 0.621875 0.537500 0.621875 0.542188 0.626563 0.548438 0.626563 0.548438 0.614062 0.539062 0.609375 0.539062 0.598437 0.525000 0.598437 0.521875 0.593750 0.514062 0.593750 0.507812 0.589063 0.495312 0.589063 0.492188 0.582812 0.476562 0.576562 0.475000 0.568750 0.464062 0.568750 0.456250 0.578125 0.456250 0.585938
0 0.312500 0.579688 0.312500 0.587500 0.320312 0.587500 0.323437 0.581250 0.329688 0.581250 0.331250 0.595313 0.343750 0.596875 0.343750 0.590625 0.351562 0.587500 0.351562 0.576562 0.360938 0.575000 0.362500 0.592187 0.379688 0.595313 0.382812 0.600000 0.382812 0.614062 0.395313 0.623437 0.404687 0.623437 0.414062 0.631250 0.434375 0.631250 0.434375 0.625000 0.431250 0.621875 0.431250 0.593750 0.428125 0.590625 0.407813 0.590625 0.401562 0.595313 0.400000 0.581250 0.392188 0.573438 0.385937 0.573438 0.385937 0.579688 0.379688 0.582812 0.371875 0.573438 0.362500 0.573438 0.359375 0.564063 0.351562 0.564063 0.350000 0.568750 0.323437 0.568750 0.321875 0.576562
0 0.289062 0.550000 0.287500 0.573438 0.296875 0.573438 0.296875 0.565625 0.306250 0.562500 0.306250 0.554688 0.296875 0.550000
0 0.165625 0.520312 0.168750 0.537500 0.175000 0.539062 0.178125 0.543750 0.195312 0.546875 0.203125 0.540625 0.203125 0.528125 0.198437 0.525000 0.178125 0.525000 0.175000 0.520312
0 0.132812 0.520312 0.132812 0.526563 0.126562 0.528125 0.126562 0.537500 0.134375 0.551562 0.142187 0.551562 0.145313 0.537500 0.135937 0.537500 0.134375 0.531250 0.143750 0.529687 0.143750 0.523438
0 0.237500 0.525000 0.240625 0.546875 0.246875 0.546875 0.256250 0.539062 0.262500 0.539062 0.267188 0.543750 0.281250 0.543750 0.281250 0.535937 0.265625 0.528125 0.264062 0.520312 0.257812 0.520312 0.254688 0.515625 0.243750 0.515625 0.242188 0.521875
0 0.000000 0.521875 0.000000 0.551562 0.010937 0.556250 0.012500 0.568750 0.020313 0.575000 0.031250 0.575000 0.034375 0.587500 0.046875 0.587500 0.057813 0.596875 0.075000 0.598437 0.084375 0.592187 0.092188 0.592187 0.095312 0.587500 0.106250 0.587500 0.109375 0.590625 0.104688 0.593750 0.104688 0.601562 0.109375 0.609375 0.123438 0.609375 0.129688 0.604688 0.135937 0.614062 0.148438 0.614062 0.157812 0.621875 0.193750 0.623437 0.198437 0.615625 0.203125 0.614062 0.204687 0.626563 0.229687 0.634375 0.239063 0.642188 0.254688 0.643750 0.270313 0.640625 0.296875 0.667188 0.307812 0.667188 0.314063 0.657813 0.325000 0.662500 0.343750 0.662500 0.350000 0.653125 0.359375 0.653125 0.359375 0.645312 0.351562 0.642188 0.350000 0.626563 0.329688 0.626563 0.323437 0.634375 0.315625 0.634375 0.314063 0.640625 0.309375 0.642188 0.304688 0.628125 0.248438 0.620313 0.245312 0.606250 0.206250 0.604688 0.203125 0.595313 0.187500 0.590625 0.195312 0.587500 0.196875 0.576562 0.184375 0.576562 0.181250 0.592187 0.162500 0.596875 0.159375 0.582812 0.154688 0.578125 0.135937 0.581250 0.128125 0.573438 0.128125 0.560937 0.100000 0.559375 0.095312 0.551562 0.103125 0.545312 0.103125 0.537500 0.090625 0.537500 0.087500 0.520312 0.078125 0.520312 0.075000 0.515625 0.064062 0.515625 0.064062 0.526563 0.084375 0.537500 0.085938 0.548438 0.079687 0.550000 0.075000 0.542188 0.051562 0.540625 0.050000 0.551562 0.056250 0.559375 0.050000 0.565625 0.037500 0.564063 0.031250 0.551562 0.020313 0.550000 0.017188 0.535937 0.004687 0.521875
0 0.000000 0.496875 0.000000 0.515625 0.009375 0.515625 0.023438 0.531250 0.034375 0.531250 0.039062 0.528125 0.040625 0.520312 0.045312 0.520312 0.048438 0.525000 0.057813 0.523438 0.057813 0.515625 0.053125 0.515625 0.048438 0.510938 0.048438 0.503125 0.029687 0.501563 0.026562 0.496875 0.020313 0.496875 0.017188 0.501563 0.007812 0.501563 0.006250 0.496875
0 0.606250 0.478125 0.592187 0.479687 0.590625 0.500000 0.593750 0.507812 0.600000 0.507812 0.601562 0.500000 0.606250 0.496875 0.609375 0.489063 0.609375 0.481250
0 0.300000 0.479687 0.279687 0.479687 0.279687 0.489063 0.300000 0.487500
0 0.168750 0.470313 0.170313 0.481250 0.189062 0.481250 0.193750 0.478125 0.193750 0.468750
0 0.998437 0.454688 0.987500 0.465625 0.990625 0.475000 0.973437 0.484375 0.973437 0.520312 0.956250 0.528125 0.951562 0.557813 0.939063 0.568750 0.939063 0.584375 0.929688 0.590625 0.920312 0.625000 0.906250 0.643750 0.887500 0.629687 0.864062 0.634375 0.826562 0.629687 0.817187 0.639062 0.796875 0.639062 0.792188 0.646875 0.782813 0.646875 0.776563 0.634375 0.754687 0.634375 0.735938 0.664062 0.728125 0.660937 0.726562 0.651563 0.695312 0.660937 0.662500 0.660937 0.659375 0.668750 0.637500 0.667188 0.625000 0.648438 0.612500 0.648438 0.612500 0.670312 0.631250 0.685937 0.646875 0.684375 0.654687 0.675000 0.667188 0.682813 0.685937 0.681250 0.692187 0.695312 0.690625 0.701562 0.668750 0.693750 0.643750 0.701562 0.620313 0.700000 0.614062 0.687500 0.600000 0.684375 0.600000 0.678125 0.564063 0.682813 0.545312 0.673438 0.532813 0.679688 0.523438 0.660937 0.512500 0.659375 0.498437 0.643750 0.487500 0.650000 0.484375 0.639062 0.467187 0.648438 0.434375 0.639062 0.425000 0.643750 0.428125 0.657813 0.479687 0.653125 0.479687 0.671875 0.498437 0.679688 0.520312 0.700000 0.537500 0.742188 0.548438 0.742188 0.556250 0.728125 0.565625 0.728125 0.576562 0.715625 0.603125 0.723437 0.635938 0.720313 0.642188 0.728125 0.656250 0.728125 0.664062 0.720313 0.746875 0.710938 0.753125 0.701562 0.762500 0.706250 0.773438 0.701562 0.817187 0.706250 0.825000 0.696875 0.860938 0.701562 0.859375 0.687500 0.879687 0.662500 0.885938 0.667188 0.875000 0.689063 0.931250 0.707812 0.953125 0.662500 0.953125 0.640625 0.970313 0.621875 0.975000 0.579688 0.998437 0.553125
0 0.917188 0.414062 0.918750 0.431250 0.929688 0.434375 0.932813 0.428125 0.931250 0.412500
0 0.550000 0.346875 0.550000 0.354687 0.553125 0.356250 0.576562 0.354687 0.576562 0.346875
0 0.431250 0.090625 0.435937 0.106250 0.456250 0.101562 0.456250 0.092188 0.445312 0.085938 0.434375 0.085938
0 0.537500 0.068750 0.534375 0.076563 0.537500 0.090625 0.542188 0.096875 0.553125 0.103125 0.554688 0.110937 0.559375 0.114062 0.567187 0.114062 0.571875 0.109375 0.571875 0.103125 0.560937 0.087500 0.559375 0.070312
