0 0.767188 0.940625 0.765625 0.960938 0.776563 0.962500 0.773438 0.940625
0 0.228125 0.903125 0.226562 0.920312 0.243750 0.925000 0.239063 0.953125 0.240625 0.956250 0.250000 0.956250 0.254688 0.953125 0.254688 0.932813 0.251563 0.925000 0.264062 0.921875 0.265625 0.915625 0.276562 0.915625 0.278125 0.907813 0.246875 0.907813 0.239063 0.910937 0.237500 0.903125
0 0.204687 0.878125 0.201563 0.898438 0.204687 0.901563 0.225000 0.900000 0.225000 0.890625 0.214062 0.889062 0.210938 0.885938 0.210938 0.878125
0 0.392188 0.867188 0.392188 0.873437 0.398438 0.878125 0.404687 0.878125 0.412500 0.873437 0.410938 0.865625
0 0.118750 0.857812 0.118750 0.864062 0.135937 0.865625 0.135937 0.868750 0.131250 0.870313 0.131250 0.878125 0.142187 0.878125 0.143750 0.873437 0.150000 0.871875 0.151562 0.856250 0.142187 0.856250 0.139063 0.860938 0.128125 0.856250
0 0.787500 0.854688 0.767188 0.853125 0.762500 0.854688 0.760938 0.859375 0.743750 0.859375 0.743750 0.868750 0.760938 0.875000 0.762500 0.882812 0.770312 0.882812 0.770312 0.876563 0.787500 0.865625
0 0.114062 0.846875 0.109375 0.840625 0.103125 0.840625 0.101562 0.846875 0.092188 0.845313 0.079687 0.834375 0.070312 0.835938 0.068750 0.846875 0.062500 0.845313 0.060937 0.835938 0.034375 0.837500 0.023438 0.846875 0.010937 0.850000 0.009375 0.854688 0.000000 0.856250 0.000000 0.875000 0.006250 0.878125 0.026562 0.878125 0.028125 0.875000 0.034375 0.878125 0.048438 0.878125 0.053125 0.873437 0.054688 0.864062 0.060937 0.867188 0.060937 0.873437 0.079687 0.873437 0.081250 0.868750 0.098437 0.873437 0.103125 0.865625 0.109375 0.865625 0.109375 0.857812 0.114062 0.854688
0 0.893750 0.764062 0.892188 0.776563 0.895312 0.784375 0.906250 0.785937 0.918750 0.781250 0.918750 0.775000 0.910937 0.775000 0.904687 0.762500
0 0.220312 0.731250 0.215625 0.726562 0.184375 0.726562 0.171875 0.750000 0.162500 0.753125 0.156250 0.759375 0.153125 0.768750 0.145313 0.775000 0.129688 0.775000 0.125000 0.760938 0.117188 0.760938 0.114062 0.765625 0.103125 0.768750 0.100000 0.757812 0.084375 0.757812 0.078125 0.767188 0.064062 0.765625 0.059375 0.757812 0.046875 0.757812 0.042188 0.765625 0.034375 0.765625 0.032813 0.762500 0.026562 0.762500 0.020313 0.753125 0.000000 0.753125 0.000000 0.793750 0.007812 0.793750 0.010937 0.798438 0.023438 0.798438 0.025000 0.795312 0.029687 0.795312 0.034375 0.803125 0.070312 0.804688 0.076563 0.800000 0.079687 0.815625 0.092188 0.815625 0.093750 0.801562 0.096875 0.798438 0.106250 0.798438 0.112500 0.806250 0.112500 0.812500 0.120313 0.814063 0.126562 0.820312 0.131250 0.829688 0.131250 0.845313 0.134375 0.848437 0.146875 0.848437 0.156250 0.839063 0.164062 0.837500 0.171875 0.851562 0.181250 0.851562 0.185938 0.846875 0.203125 0.846875 0.209375 0.856250 0.217188 0.856250 0.220312 0.851562 0.220312 0.842187 0.203125 0.842187 0.196875 0.831250 0.198437 0.820312 0.206250 0.810937 0.206250 0.801562 0.182812 0.801562 0.179688 0.798438 0.184375 0.795312 0.184375 0.789062 0.189062 0.781250 0.189062 0.767188 0.207813 0.756250 0.212500 0.743750 0.220312 0.737500
0 0.439063 0.660937 0.435937 0.673438 0.432812 0.675000 0.432812 0.682813 0.437500 0.687500 0.445312 0.687500 0.450000 0.671875 0.446875 0.670312 0.445312 0.660937
0 0.423438 0.660937 0.415625 0.660937 0.414062 0.651563 0.403125 0.651563 0.400000 0.646875 0.385937 0.646875 0.379688 0.656250 0.368750 0.656250 0.368750 0.662500 0.364063 0.665625 0.364063 0.673438 0.359375 0.678125 0.357812 0.687500 0.346875 0.687500 0.332813 0.696875 0.321875 0.700000 0.318750 0.704688 0.307812 0.704688 0.306250 0.712500 0.285938 0.735938 0.279687 0.734375 0.278125 0.731250 0.240625 0.731250 0.240625 0.751563 0.262500 0.764062 0.278125 0.765625 0.278125 0.759375 0.285938 0.757812 0.287500 0.748437 0.300000 0.748437 0.306250 0.742188 0.312500 0.742188 0.320312 0.732812 0.331250 0.731250 0.334375 0.728125 0.334375 0.721875 0.340625 0.717187 0.346875 0.717187 0.351562 0.723437 0.365625 0.723437 0.375000 0.717187 0.375000 0.709375 0.389062 0.695312 0.395313 0.695312 0.398438 0.692187 0.398438 0.684375 0.406250 0.676562 0.423438 0.675000
0 0.534375 0.628125 0.531250 0.625000 0.525000 0.625000 0.523438 0.640625 0.520312 0.640625 0.518750 0.635938 0.510938 0.635938 0.510938 0.646875 0.531250 0.648438 0.535937 0.639062
0 0.253125 0.439063 0.254688 0.448437 0.264062 0.448437 0.268750 0.443750 0.275000 0.446875 0.282813 0.445312 0.281250 0.434375 0.257812 0.434375
0 0.998437 0.412500 0.951562 0.417187 0.923438 0.456250 0.882812 0.462500 0.859375 0.492188 0.856250 0.534375 0.801562 0.528125 0.759375 0.564063 0.732812 0.542188 0.718750 0.542188 0.714063 0.553125 0.698438 0.537500 0.645312 0.542188 0.651563 0.565625 0.693750 0.564063 0.706250 0.575000 0.726562 0.568750 0.732812 0.578125 0.717187 0.592187 0.689063 0.582812 0.635938 0.585938 0.629687 0.546875 0.603125 0.532813 0.581250 0.550000 0.585938 0.585938 0.564063 0.590625 0.540625 0.621875 0.556250 0.646875 0.531250 0.700000 0.492188 0.700000 0.484375 0.707812 0.484375 0.695312 0.459375 0.695312 0.465625 0.731250 0.460938 0.737500 0.376563 0.756250 0.310937 0.750000 0.301563 0.773438 0.287500 0.765625 0.282813 0.779687 0.257812 0.775000 0.248438 0.787500 0.218750 0.789062 0.212500 0.807813 0.292187 0.798438 0.353125 0.776563 0.421875 0.790625 0.446875 0.759375 0.535937 0.745313 0.551562 0.700000 0.582812 0.662500 0.592187 0.606250 0.615625 0.592187 0.629687 0.609375 0.717187 0.614062 0.734375 0.607812 0.735938 0.589063 0.753125 0.576562 0.754687 0.578125 0.740625 0.614062 0.754687 0.626563 0.789062 0.631250 0.790625 0.617188 0.795312 0.609375 0.831250 0.600000 0.826562 0.579688 0.809375 0.589063 0.807813 0.587500 0.810937 0.571875 0.814063 0.568750 0.851562 0.581250 0.854688 0.584375 0.845313 0.614062 0.867188 0.614062 0.860938 0.567187 0.907813 0.534375 0.934375 0.534375 0.950000 0.507812 0.985938 0.496875 0.989062 0.485938 0.998437 0.492188 0.998437 0.465625 0.987500 0.468750 0.984375 0.481250 0.951562 0.467187 0.942187 0.489063 0.925000 0.482812 0.928125 0.498437 0.914062 0.514062 0.890625 0.500000 0.887500 0.495312 0.915625 0.487500 0.921875 0.471875 0.931250 0.476562 0.957812 0.450000 0.998437 0.435937
0 0.537500 0.339062 0.532813 0.343750 0.534375 0.362500 0.542188 0.362500 0.543750 0.370312 0.554688 0.370312 0.556250 0.359375 0.546875 0.357812 0.546875 0.343750 0.543750 0.339062
0 0.132812 0.329688 0.131250 0.339062 0.134375 0.350000 0.139063 0.354687 0.139063 0.359375 0.145313 0.359375 0.148438 0.356250 0.146875 0.332813
0 0.025000 0.225000 0.026562 0.237500 0.048438 0.237500 0.048438 0.232813 0.051562 0.231250 0.051562 0.223438 0.048438 0.218750 0.032813 0.217188
0 0.235937 0.117188 0.234375 0.121875 0.228125 0.121875 0.225000 0.139063 0.245312 0.142187 0.245312 0.135937 0.248438 0.134375 0.245312 0.117188
