0 0.148438 0.964063 0.145313 0.984375 0.157812 0.985938 0.159375 0.964063
0 0.075000 0.942187 0.057813 0.942187 0.057813 0.950000 0.053125 0.956250 0.045312 0.959375 0.040625 0.973437 0.034375 0.979688 0.018750 0.981250 0.015625 0.998437 0.035937 0.998437 0.039062 0.990625 0.051562 0.981250 0.065625 0.962500 0.075000 0.960938
0 0.100000 0.929688 0.095312 0.935937 0.095312 0.956250 0.106250 0.957812 0.107813 0.951562 0.114062 0.948438 0.114062 0.935937 0.110937 0.929688
0 0.834375 0.910937 0.834375 0.920312 0.840625 0.925000 0.846875 0.925000 0.851562 0.918750 0.856250 0.918750 0.856250 0.910937 0.837500 0.907813
0 0.700000 0.739062 0.700000 0.746875 0.704688 0.750000 0.704688 0.779687 0.715625 0.776563 0.720313 0.781250 0.767188 0.781250 0.768750 0.776563 0.785937 0.776563 0.785937 0.767188 0.773438 0.765625 0.770312 0.759375 0.762500 0.759375 0.759375 0.764062 0.743750 0.760938 0.735938 0.765625 0.734375 0.756250 0.715625 0.757812 0.710938 0.753125 0.714063 0.739062
0 0.450000 0.718750 0.421875 0.723437 0.414062 0.740625 0.396875 0.750000 0.395313 0.760938 0.367188 0.793750 0.337500 0.801562 0.325000 0.818750 0.315625 0.820312 0.310937 0.835938 0.335938 0.834375 0.339062 0.837500 0.321875 0.840625 0.325000 0.856250 0.318750 0.864062 0.312500 0.860938 0.309375 0.839063 0.303125 0.839063 0.304688 0.870313 0.310937 0.870313 0.310937 0.876563 0.301563 0.876563 0.295312 0.868750 0.293750 0.837500 0.284375 0.835938 0.278125 0.843750 0.267188 0.845313 0.259375 0.859375 0.237500 0.864062 0.232813 0.871875 0.228125 0.871875 0.226562 0.879687 0.215625 0.882812 0.207813 0.895312 0.196875 0.896875 0.193750 0.912500 0.182812 0.912500 0.165625 0.921875 0.160938 0.910937 0.143750 0.917188 0.139063 0.914062 0.139063 0.903125 0.131250 0.903125 0.128125 0.910937 0.131250 0.921875 0.121875 0.925000 0.121875 0.937500 0.143750 0.935937 0.150000 0.939063 0.160938 0.951562 0.160938 0.957812 0.225000 0.953125 0.237500 0.939063 0.242188 0.926562 0.253125 0.931250 0.264062 0.921875 0.268750 0.912500 0.281250 0.909375 0.289062 0.895312 0.315625 0.887500 0.315625 0.881250 0.320312 0.873437 0.335938 0.870313 0.345313 0.859375 0.359375 0.856250 0.370312 0.834375 0.376563 0.839063 0.379688 0.846875 0.387500 0.846875 0.392188 0.837500 0.400000 0.835938 0.401562 0.821875 0.418750 0.807813 0.418750 0.792188 0.435937 0.790625 0.435937 0.781250 0.431250 0.778125 0.434375 0.764062 0.440625 0.760938 0.443750 0.773438 0.456250 0.773438 0.465625 0.764062 0.462500 0.746875 0.443750 0.743750 0.443750 0.739062 0.450000 0.732812
0 0.654687 0.704688 0.654687 0.710938 0.662500 0.720313 0.662500 0.726562 0.673438 0.728125 0.679688 0.746875 0.689063 0.748437 0.692187 0.728125 0.676562 0.726562 0.668750 0.714063 0.668750 0.706250
0 0.856250 0.660937 0.851562 0.665625 0.854688 0.689063 0.859375 0.695312 0.867188 0.695312 0.873437 0.687500 0.873437 0.670312 0.870313 0.662500
0 0.946875 0.632812 0.945312 0.640625 0.951562 0.642188 0.951562 0.653125 0.957812 0.653125 0.957812 0.632812
0 0.078125 0.556250 0.071875 0.578125 0.082812 0.578125 0.085938 0.582812 0.095312 0.582812 0.095312 0.559375 0.092188 0.556250
0 0.100000 0.512500 0.100000 0.521875 0.107813 0.523438 0.112500 0.529687 0.121875 0.529687 0.121875 0.521875 0.114062 0.520312 0.109375 0.512500
0 0.182812 0.470313 0.178125 0.473438 0.179688 0.489063 0.182812 0.492188 0.190625 0.492188 0.193750 0.487500 0.193750 0.476562 0.189062 0.470313
0 0.254688 0.445312 0.250000 0.454688 0.250000 0.465625 0.259375 0.467187 0.259375 0.460938 0.264062 0.457813 0.264062 0.448437 0.260937 0.445312
0 0.393750 0.353125 0.392188 0.356250 0.385937 0.357812 0.385937 0.364063 0.381250 0.367188 0.381250 0.375000 0.385937 0.381250 0.384375 0.392188 0.395313 0.392188 0.395313 0.384375 0.400000 0.382812 0.400000 0.367188 0.404687 0.360938 0.404687 0.354687
0 0.160938 0.351562 0.160938 0.360938 0.165625 0.364063 0.189062 0.365625 0.193750 0.362500 0.193750 0.351562
0 0.703125 0.315625 0.700000 0.334375 0.709375 0.335938 0.712500 0.317188
0 0.989062 0.315625 0.973437 0.309375 0.920312 0.310937 0.901563 0.317188 0.896875 0.332813 0.892188 0.331250 0.890625 0.325000 0.864062 0.331250 0.859375 0.334375 0.851562 0.350000 0.835938 0.351562 0.826562 0.359375 0.806250 0.359375 0.790625 0.378125 0.775000 0.381250 0.762500 0.395313 0.760938 0.407813 0.757812 0.410938 0.740625 0.401562 0.737500 0.412500 0.715625 0.425000 0.710938 0.440625 0.695312 0.454688 0.689063 0.445312 0.682813 0.445312 0.675000 0.464062 0.639062 0.501563 0.635938 0.514062 0.625000 0.515625 0.617188 0.528125 0.604688 0.529687 0.601562 0.537500 0.585938 0.537500 0.589063 0.553125 0.578125 0.559375 0.581250 0.570312 0.565625 0.571875 0.559375 0.585938 0.542188 0.585938 0.546875 0.603125 0.529687 0.634375 0.482812 0.642188 0.470313 0.678125 0.468750 0.701562 0.475000 0.709375 0.470313 0.712500 0.468750 0.750000 0.478125 0.748437 0.485938 0.726562 0.503125 0.737500 0.507812 0.710938 0.495312 0.703125 0.500000 0.692187 0.518750 0.689063 0.525000 0.675000 0.543750 0.662500 0.543750 0.651563 0.557813 0.645312 0.562500 0.635938 0.570312 0.635938 0.571875 0.625000 0.584375 0.610938 0.598437 0.609375 0.607812 0.585938 0.640625 0.564063 0.671875 0.556250 0.675000 0.545312 0.667188 0.540625 0.673438 0.532813 0.689063 0.529687 0.701562 0.501563 0.726562 0.485938 0.731250 0.475000 0.750000 0.473438 0.743750 0.457813 0.745313 0.456250 0.771875 0.459375 0.775000 0.445312 0.784375 0.448437 0.776563 0.434375 0.821875 0.414062 0.823438 0.403125 0.818750 0.400000 0.834375 0.396875 0.837500 0.384375 0.851562 0.382812 0.854688 0.370312 0.878125 0.371875 0.887500 0.360938 0.935937 0.365625 0.935937 0.351562 0.921875 0.351562 0.921875 0.339062 0.971875 0.335938 0.989062 0.321875
0 0.064062 0.267188 0.062500 0.271875 0.051562 0.273438 0.051562 0.281250 0.056250 0.282813 0.057813 0.295312 0.070312 0.298438 0.071875 0.292187 0.075000 0.290625 0.075000 0.284375 0.078125 0.282813 0.078125 0.276562 0.075000 0.273438 0.075000 0.267188
0 0.998437 0.235937 0.987500 0.235937 0.987500 0.242188 0.996875 0.243750 0.996875 0.246875 0.990625 0.250000 0.992188 0.260937 0.985938 0.265625 0.976562 0.267188 0.973437 0.281250 0.960938 0.284375 0.960938 0.298438 0.967187 0.303125 0.984375 0.304688 0.985938 0.296875 0.995313 0.296875 0.996875 0.293750
0 0.640625 0.226562 0.632812 0.226562 0.632812 0.234375 0.626563 0.240625 0.628125 0.248438 0.639062 0.246875
0 0.764062 0.184375 0.760938 0.187500 0.764062 0.204687 0.781250 0.207813 0.781250 0.184375
0 0.353125 0.139063 0.353125 0.167187 0.364063 0.170313 0.367188 0.175000 0.379688 0.176563 0.381250 0.168750 0.393750 0.159375 0.393750 0.148438 0.371875 0.148438 0.370312 0.140625
0 0.914062 0.090625 0.914062 0.104688 0.929688 0.121875 0.935937 0.121875 0.939063 0.118750 0.937500 0.100000 0.926562 0.090625
0 0.739062 0.085938 0.740625 0.098437 0.760938 0.095312 0.765625 0.100000 0.776563 0.100000 0.779687 0.095312 0.779687 0.089063 0.776563 0.085938 0.768750 0.085938 0.765625 0.089063 0.754687 0.082812 0.742188 0.082812
