0 0.378125 0.953125 0.370312 0.953125 0.368750 0.964063 0.362500 0.971875 0.350000 0.971875 0.350000 0.976562 0.343750 0.981250 0.343750 0.989062 0.357812 0.989062 0.364063 0.979688 0.378125 0.981250
0 0.393750 0.907813 0.393750 0.915625 0.401562 0.921875 0.404687 0.931250 0.420312 0.931250 0.420312 0.920312 0.410938 0.917188 0.406250 0.906250
0 0.587500 0.750000 0.578125 0.750000 0.576562 0.757812 0.564063 0.762500 0.564063 0.770312 0.575000 0.770312 0.575000 0.767188 0.581250 0.764062 0.581250 0.757812 0.587500 0.756250
0 0.482812 0.714063 0.476562 0.718750 0.476562 0.732812 0.484375 0.737500 0.485938 0.742188 0.495312 0.742188 0.503125 0.737500 0.503125 0.712500
0 0.292187 0.643750 0.281250 0.629687 0.275000 0.629687 0.256250 0.643750 0.257812 0.654687 0.268750 0.654687 0.273438 0.648438 0.287500 0.651563 0.292187 0.650000
0 0.170313 0.590625 0.168750 0.614062 0.175000 0.614062 0.181250 0.603125 0.181250 0.595313 0.178125 0.590625
0 0.323437 0.585938 0.323437 0.592187 0.329688 0.595313 0.331250 0.604688 0.335938 0.609375 0.367188 0.609375 0.367188 0.603125 0.364063 0.603125 0.360938 0.595313 0.348438 0.585938 0.339062 0.585938 0.337500 0.582812 0.326562 0.582812
0 0.267188 0.578125 0.267188 0.585938 0.278125 0.585938 0.281250 0.596875 0.287500 0.596875 0.295312 0.590625 0.295312 0.582812 0.290625 0.578125
0 0.423438 0.578125 0.415625 0.573438 0.409375 0.573438 0.403125 0.584375 0.385937 0.585938 0.385937 0.596875 0.401562 0.600000 0.404687 0.604688 0.414062 0.604688 0.415625 0.601562 0.423438 0.600000
0 0.614062 0.545312 0.601562 0.537500 0.542188 0.542188 0.537500 0.578125 0.528125 0.581250 0.525000 0.593750 0.520312 0.598437 0.510938 0.600000 0.485938 0.629687 0.456250 0.634375 0.453125 0.642188 0.443750 0.642188 0.420312 0.660937 0.407813 0.660937 0.404687 0.670312 0.401562 0.673438 0.393750 0.673438 0.390625 0.682813 0.378125 0.678125 0.382812 0.689063 0.373437 0.696875 0.373437 0.712500 0.364063 0.718750 0.360938 0.731250 0.337500 0.731250 0.329688 0.740625 0.314063 0.740625 0.306250 0.748437 0.306250 0.770312 0.259375 0.795312 0.235937 0.828125 0.223438 0.825000 0.215625 0.839063 0.207813 0.832812 0.196875 0.832812 0.178125 0.850000 0.170313 0.850000 0.159375 0.907813 0.148438 0.925000 0.148438 0.939063 0.139063 0.945312 0.139063 0.959375 0.131250 0.965625 0.087500 0.968750 0.068750 0.985938 0.064062 0.998437 0.115625 0.998437 0.115625 0.987500 0.134375 0.971875 0.140625 0.975000 0.140625 0.984375 0.154688 0.984375 0.159375 0.970313 0.171875 0.973437 0.171875 0.985938 0.201563 0.979688 0.203125 0.964063 0.215625 0.950000 0.212500 0.926562 0.225000 0.901563 0.225000 0.884375 0.265625 0.851562 0.303125 0.842187 0.303125 0.834375 0.292187 0.828125 0.312500 0.825000 0.321875 0.807813 0.339062 0.814063 0.323437 0.820312 0.325000 0.834375 0.337500 0.826562 0.351562 0.829688 0.370312 0.798438 0.368750 0.784375 0.378125 0.767188 0.401562 0.754687 0.418750 0.754687 0.423438 0.735938 0.431250 0.732812 0.443750 0.706250 0.454688 0.706250 0.468750 0.689063 0.484375 0.689063 0.487500 0.679688 0.507812 0.675000 0.518750 0.654687 0.539062 0.657813 0.553125 0.640625 0.570312 0.635938 0.584375 0.618750 0.600000 0.614062 0.604688 0.565625
0 0.489063 0.534375 0.478125 0.532813 0.471875 0.543750 0.451562 0.546875 0.451562 0.562500 0.479687 0.560937 0.484375 0.545312 0.489063 0.543750
0 0.743750 0.395313 0.729688 0.395313 0.726562 0.390625 0.712500 0.390625 0.703125 0.381250 0.692187 0.381250 0.684375 0.390625 0.676562 0.390625 0.671875 0.398438 0.651563 0.395313 0.651563 0.403125 0.643750 0.407813 0.643750 0.414062 0.632812 0.428125 0.625000 0.429688 0.621875 0.434375 0.612500 0.434375 0.609375 0.439063 0.603125 0.439063 0.600000 0.443750 0.595313 0.443750 0.589063 0.451562 0.582812 0.451562 0.579688 0.456250 0.564063 0.456250 0.562500 0.464062 0.554688 0.465625 0.550000 0.470313 0.550000 0.481250 0.553125 0.484375 0.573438 0.484375 0.579688 0.479687 0.606250 0.475000 0.615625 0.467187 0.620313 0.475000 0.620313 0.500000 0.621875 0.503125 0.631250 0.503125 0.631250 0.496875 0.645312 0.489063 0.648438 0.481250 0.662500 0.468750 0.664062 0.462500 0.670312 0.462500 0.675000 0.454688 0.685937 0.443750 0.693750 0.440625 0.709375 0.423438 0.732812 0.414062 0.742188 0.404687
0 0.951562 0.359375 0.945312 0.359375 0.943750 0.368750 0.932813 0.367188 0.934375 0.379688 0.953125 0.378125 0.953125 0.371875 0.948438 0.370312
0 0.987500 0.071875 0.973437 0.076563 0.967187 0.060937 0.953125 0.060937 0.948438 0.068750 0.931250 0.064062 0.928125 0.068750 0.920312 0.070312 0.915625 0.076563 0.903125 0.078125 0.903125 0.084375 0.907813 0.087500 0.907813 0.095312 0.903125 0.100000 0.903125 0.109375 0.898438 0.112500 0.893750 0.137500 0.884375 0.146875 0.876563 0.148438 0.868750 0.157812 0.867188 0.165625 0.859375 0.171875 0.862500 0.187500 0.859375 0.189062 0.854688 0.209375 0.828125 0.235937 0.828125 0.243750 0.832812 0.250000 0.817187 0.260937 0.814063 0.270313 0.806250 0.275000 0.806250 0.285938 0.817187 0.285938 0.820312 0.290625 0.815625 0.295312 0.801562 0.296875 0.798438 0.304688 0.792188 0.304688 0.793750 0.321875 0.801562 0.328125 0.800000 0.334375 0.796875 0.337500 0.784375 0.337500 0.775000 0.346875 0.775000 0.357812 0.765625 0.364063 0.765625 0.371875 0.757812 0.376563 0.762500 0.398438 0.771875 0.400000 0.775000 0.407813 0.784375 0.409375 0.787500 0.404687 0.792188 0.404687 0.800000 0.414062 0.807813 0.414062 0.812500 0.410938 0.812500 0.398438 0.818750 0.392188 0.823438 0.396875 0.829688 0.396875 0.840625 0.381250 0.846875 0.350000 0.856250 0.343750 0.856250 0.335938 0.864062 0.328125 0.868750 0.304688 0.875000 0.296875 0.876563 0.285938 0.882812 0.281250 0.885938 0.265625 0.895312 0.256250 0.900000 0.240625 0.918750 0.229687 0.917188 0.203125 0.926562 0.184375 0.934375 0.181250 0.935937 0.165625 0.943750 0.162500 0.946875 0.154688 0.953125 0.150000 0.953125 0.143750 0.960938 0.140625 0.968750 0.115625 0.975000 0.110937 0.975000 0.090625 0.987500 0.087500 0.989062 0.084375
0 0.968750 0.014063 0.971875 0.031250 0.967187 0.032813 0.967187 0.040625 0.960938 0.048438 0.960938 0.054688 0.967187 0.054688 0.973437 0.048438 0.981250 0.046875 0.998437 0.048438 0.998437 0.034375 0.989062 0.039062 0.984375 0.028125 0.976562 0.021875 0.975000 0.014063
