0 0.801562 0.993750 0.806250 0.996875 0.832812 0.998437 0.831250 0.995313 0.821875 0.995313 0.820312 0.987500 0.814063 0.982812 0.803125 0.982812
0 0.196875 0.978125 0.196875 0.998437 0.215625 0.998437 0.215625 0.993750 0.210938 0.990625 0.210938 0.976562
0 0.367188 0.970313 0.364063 0.973437 0.364063 0.998437 0.379688 0.998437 0.382812 0.992188 0.381250 0.976562 0.375000 0.970313
0 0.093750 0.968750 0.093750 0.979688 0.114062 0.978125 0.114062 0.970313 0.107813 0.965625 0.098437 0.965625
0 0.534375 0.946875 0.537500 0.960938 0.545312 0.965625 0.551562 0.965625 0.550000 0.946875
0 0.335938 0.904687 0.335938 0.910937 0.345313 0.915625 0.346875 0.926562 0.357812 0.926562 0.360938 0.907813 0.354687 0.907813 0.351562 0.904687
0 0.382812 0.881250 0.368750 0.881250 0.362500 0.890625 0.353125 0.890625 0.353125 0.898438 0.375000 0.895312 0.376563 0.892188 0.382812 0.890625
0 0.489063 0.818750 0.492188 0.839063 0.503125 0.837500 0.503125 0.818750
0 0.790625 0.817187 0.781250 0.817187 0.775000 0.823438 0.775000 0.845313 0.785937 0.845313 0.789062 0.842187
0 0.398438 0.817187 0.414062 0.817187 0.420312 0.812500 0.429688 0.812500 0.429688 0.806250 0.425000 0.806250 0.423438 0.801562 0.406250 0.801562 0.398438 0.810937
0 0.021875 0.771875 0.014063 0.770312 0.010937 0.775000 0.000000 0.775000 0.000000 0.782813 0.020313 0.779687
0 0.698438 0.739062 0.698438 0.750000 0.703125 0.753125 0.706250 0.760938 0.717187 0.760938 0.721875 0.756250 0.732812 0.754687 0.735938 0.750000 0.735938 0.742188 0.725000 0.739062 0.723437 0.735938 0.703125 0.735938
0 0.000000 0.726562 0.000000 0.742188 0.007812 0.750000 0.015625 0.751563 0.018750 0.759375 0.035937 0.757812 0.043750 0.770312 0.043750 0.781250 0.050000 0.781250 0.051562 0.778125 0.075000 0.776563 0.075000 0.768750 0.068750 0.768750 0.064062 0.757812 0.050000 0.757812 0.042188 0.748437 0.025000 0.751563 0.021875 0.748437 0.021875 0.739062 0.014063 0.734375 0.014063 0.726562
0 0.998437 0.625000 0.965625 0.621875 0.959375 0.635938 0.953125 0.626563 0.914062 0.625000 0.910937 0.617188 0.870313 0.609375 0.864062 0.604688 0.860938 0.595313 0.850000 0.600000 0.823438 0.585938 0.785937 0.590625 0.750000 0.571875 0.685937 0.578125 0.673438 0.595313 0.657813 0.587500 0.653125 0.582812 0.650000 0.571875 0.546875 0.573438 0.532813 0.601562 0.492188 0.634375 0.470313 0.681250 0.471875 0.701562 0.428125 0.718750 0.415625 0.740625 0.378125 0.740625 0.370312 0.760938 0.364063 0.768750 0.342187 0.775000 0.335938 0.762500 0.303125 0.762500 0.192188 0.818750 0.135937 0.820312 0.081250 0.806250 0.081250 0.820312 0.051562 0.828125 0.050000 0.843750 0.015625 0.834375 0.000000 0.856250 0.025000 0.868750 0.098437 0.860938 0.118750 0.878125 0.140625 0.875000 0.156250 0.900000 0.215625 0.896875 0.326562 0.834375 0.373437 0.839063 0.387500 0.815625 0.370312 0.821875 0.367188 0.812500 0.387500 0.801562 0.396875 0.773438 0.404687 0.782813 0.421875 0.781250 0.421875 0.767188 0.431250 0.767188 0.439063 0.781250 0.454688 0.768750 0.471875 0.776563 0.489063 0.726562 0.564063 0.650000 0.606250 0.653125 0.618750 0.645312 0.648438 0.657813 0.701562 0.640625 0.743750 0.656250 0.781250 0.653125 0.800000 0.667188 0.875000 0.675000 0.912500 0.701562 0.934375 0.698438 0.996875 0.728125 0.995313 0.700000 0.984375 0.698438 0.998437 0.693750 0.996875 0.678125 0.985938 0.673438 0.987500 0.684375 0.979688 0.687500 0.971875 0.670312 0.928125 0.682813 0.917188 0.662500 0.929688 0.645312 0.937500 0.657813 0.989062 0.657813 0.998437 0.648438
0 0.665625 0.517188 0.665625 0.529687 0.675000 0.531250 0.678125 0.521875 0.689063 0.523438 0.689063 0.515625
0 0.600000 0.515625 0.600000 0.523438 0.604688 0.525000 0.604688 0.534375 0.609375 0.534375 0.612500 0.539062 0.618750 0.539062 0.617188 0.525000 0.614062 0.521875 0.607812 0.521875 0.606250 0.515625
0 0.032813 0.148438 0.034375 0.156250 0.057813 0.154688 0.057813 0.148438
0 0.006250 0.109375 0.006250 0.123438 0.020313 0.137500 0.025000 0.137500 0.026562 0.142187 0.032813 0.142187 0.042188 0.132812 0.046875 0.132812 0.048438 0.114062
0 0.907813 0.104688 0.898438 0.104688 0.895312 0.112500 0.885938 0.112500 0.885938 0.118750 0.890625 0.123438 0.896875 0.123438 0.903125 0.112500 0.907813 0.110937
