0 0.956250 0.970313 0.956250 0.989062 0.967187 0.989062 0.967187 0.968750
0 0.298438 0.815625 0.285938 0.815625 0.279687 0.818750 0.281250 0.837500 0.293750 0.835938 0.296875 0.826562 0.300000 0.825000
0 0.657813 0.798438 0.639062 0.796875 0.637500 0.804688 0.607812 0.800000 0.610938 0.814063 0.595313 0.817187 0.595313 0.826562 0.598437 0.829688 0.607812 0.829688 0.607812 0.826562 0.615625 0.820312 0.634375 0.820312 0.639062 0.812500 0.648438 0.812500 0.650000 0.809375 0.657813 0.807813
0 0.560937 0.796875 0.540625 0.798438 0.535937 0.795312 0.528125 0.795312 0.523438 0.801562 0.514062 0.801562 0.503125 0.807813 0.503125 0.820312 0.506250 0.825000 0.518750 0.825000 0.526563 0.815625 0.528125 0.807813 0.543750 0.807813 0.545312 0.812500 0.556250 0.812500 0.560937 0.806250
0 0.850000 0.775000 0.845313 0.798438 0.857812 0.798438 0.860938 0.815625 0.875000 0.815625 0.876563 0.823438 0.881250 0.826562 0.887500 0.826562 0.887500 0.817187 0.882812 0.810937 0.876563 0.809375 0.876563 0.804688 0.884375 0.795312 0.889062 0.795312 0.900000 0.803125 0.900000 0.815625 0.925000 0.815625 0.937500 0.826562 0.945312 0.829688 0.951562 0.839063 0.965625 0.839063 0.971875 0.848437 0.989062 0.846875 0.989062 0.828125 0.982812 0.823438 0.967187 0.823438 0.964063 0.812500 0.957812 0.810937 0.956250 0.807813 0.935937 0.806250 0.921875 0.789062 0.906250 0.787500 0.900000 0.779687 0.893750 0.779687 0.890625 0.784375 0.884375 0.784375 0.882812 0.790625 0.876563 0.790625 0.873437 0.796875 0.867188 0.800000 0.867188 0.775000
0 0.839063 0.731250 0.837500 0.743750 0.839063 0.746875 0.846875 0.748437 0.846875 0.764062 0.859375 0.762500 0.860938 0.751563 0.856250 0.748437 0.854688 0.735938 0.851562 0.731250
0 0.498437 0.709375 0.490625 0.709375 0.485938 0.704688 0.470313 0.706250 0.470313 0.714063 0.460938 0.721875 0.460938 0.728125 0.465625 0.731250 0.468750 0.740625 0.478125 0.740625 0.476562 0.725000 0.479687 0.721875 0.496875 0.721875
0 0.003125 0.662500 0.006250 0.679688 0.023438 0.679688 0.034375 0.687500 0.045312 0.684375 0.053125 0.692187 0.070312 0.693750 0.076563 0.706250 0.085938 0.710938 0.156250 0.715625 0.164062 0.709375 0.193750 0.706250 0.196875 0.710938 0.235937 0.710938 0.267188 0.723437 0.317188 0.728125 0.332813 0.739062 0.337500 0.770312 0.354687 0.775000 0.360938 0.785937 0.398438 0.790625 0.439063 0.818750 0.450000 0.817187 0.453125 0.812500 0.475000 0.812500 0.470313 0.801562 0.456250 0.796875 0.445312 0.801562 0.440625 0.796875 0.440625 0.785937 0.431250 0.770312 0.432812 0.754687 0.367188 0.751563 0.360938 0.746875 0.346875 0.717187 0.334375 0.709375 0.314063 0.709375 0.295312 0.692187 0.279687 0.690625 0.268750 0.678125 0.253125 0.673438 0.245312 0.660937 0.214062 0.656250 0.200000 0.645312 0.198437 0.634375 0.148438 0.634375 0.131250 0.617188 0.112500 0.617188 0.098437 0.625000 0.079687 0.621875 0.076563 0.629687 0.068750 0.629687 0.065625 0.625000 0.039062 0.626563 0.034375 0.637500 0.039062 0.651563 0.048438 0.645312 0.065625 0.648438 0.076563 0.642188 0.114062 0.656250 0.125000 0.656250 0.131250 0.648438 0.134375 0.656250 0.143750 0.660937 0.168750 0.654687 0.175000 0.662500 0.196875 0.667188 0.201563 0.685937 0.195312 0.690625 0.167187 0.685937 0.150000 0.692187 0.145313 0.685937 0.135937 0.685937 0.125000 0.693750 0.118750 0.682813 0.096875 0.689063 0.089063 0.678125 0.065625 0.675000 0.060937 0.665625 0.034375 0.662500 0.028125 0.651563 0.017188 0.651563 0.010937 0.660937
0 0.515625 0.512500 0.517188 0.526563 0.520312 0.531250 0.531250 0.531250 0.546875 0.517188 0.545312 0.507812 0.520312 0.507812
0 0.029687 0.493750 0.029687 0.506250 0.040625 0.512500 0.042188 0.520312 0.053125 0.521875 0.054688 0.501563 0.042188 0.501563 0.035937 0.496875 0.035937 0.493750
0 0.000000 0.364063 0.000000 0.385937 0.059375 0.403125 0.043750 0.418750 0.000000 0.396875 0.000000 0.435937 0.032813 0.431250 0.109375 0.485938 0.057813 0.576562 0.000000 0.593750 0.000000 0.617188 0.054688 0.601562 0.115625 0.556250 0.118750 0.553125 0.118750 0.529687 0.129688 0.523438 0.228125 0.539062 0.285938 0.592187 0.345313 0.614062 0.423438 0.609375 0.479687 0.635938 0.506250 0.625000 0.509375 0.626563 0.506250 0.635938 0.526563 0.626563 0.678125 0.654687 0.685937 0.659375 0.704688 0.682813 0.692187 0.696875 0.715625 0.701562 0.718750 0.704688 0.710938 0.720313 0.726562 0.754687 0.715625 0.781250 0.768750 0.803125 0.790625 0.826562 0.823438 0.803125 0.856250 0.848437 0.998437 0.935937 0.998437 0.900000 0.978125 0.896875 0.950000 0.865625 0.915625 0.860938 0.898438 0.831250 0.885938 0.850000 0.832812 0.795312 0.789062 0.793750 0.754687 0.768750 0.759375 0.746875 0.765625 0.742188 0.778125 0.740625 0.798438 0.768750 0.831250 0.778125 0.795312 0.731250 0.757812 0.718750 0.715625 0.634375 0.637500 0.626563 0.626563 0.612500 0.600000 0.617188 0.581250 0.603125 0.526563 0.603125 0.489063 0.582812 0.482812 0.553125 0.432812 0.528125 0.385937 0.532813 0.375000 0.546875 0.292187 0.537500 0.242188 0.489063 0.218750 0.470313 0.193750 0.460938 0.143750 0.465625 0.092188 0.434375 0.070312 0.439063 0.070312 0.426563 0.101562 0.425000 0.106250 0.403125 0.054688 0.390625 0.015625 0.359375
0 0.645312 0.356250 0.635938 0.367188 0.635938 0.378125 0.640625 0.381250 0.662500 0.382812 0.662500 0.370312 0.657813 0.367188 0.653125 0.356250
0 0.207813 0.325000 0.210938 0.360938 0.223438 0.360938 0.225000 0.339062 0.215625 0.331250 0.214062 0.325000
0 0.068750 0.281250 0.068750 0.289062 0.078125 0.296875 0.078125 0.306250 0.085938 0.312500 0.098437 0.312500 0.100000 0.309375 0.106250 0.307812 0.106250 0.298438 0.100000 0.285938 0.084375 0.287500 0.075000 0.281250
0 0.129688 0.267188 0.129688 0.278125 0.139063 0.282813 0.139063 0.292187 0.145313 0.292187 0.150000 0.271875 0.140625 0.265625
0 0.123438 0.242188 0.112500 0.240625 0.110937 0.245312 0.106250 0.245312 0.103125 0.248438 0.103125 0.260937 0.114062 0.260937 0.120313 0.257812
0 0.259375 0.209375 0.256250 0.215625 0.257812 0.231250 0.262500 0.234375 0.279687 0.234375 0.282813 0.229687 0.279687 0.210938
