0 0.603125 0.953125 0.603125 0.968750 0.621875 0.989062 0.631250 0.987500 0.628125 0.973437 0.614062 0.959375 0.614062 0.951562
0 0.917188 0.945312 0.910937 0.945312 0.907813 0.951562 0.898438 0.956250 0.898438 0.979688 0.903125 0.982812 0.903125 0.989062 0.917188 0.989062 0.917188 0.979688 0.912500 0.971875
0 0.834375 0.881250 0.818750 0.881250 0.812500 0.892188 0.815625 0.909375 0.825000 0.910937 0.829688 0.906250 0.829688 0.898438 0.834375 0.896875
0 0.939063 0.670312 0.960938 0.664062 0.962500 0.653125 0.942187 0.651563 0.939063 0.657813
0 0.478125 0.635938 0.476562 0.650000 0.484375 0.654687 0.484375 0.662500 0.487500 0.667188 0.498437 0.673438 0.512500 0.671875 0.517188 0.665625 0.517188 0.654687 0.512500 0.653125 0.512500 0.643750 0.503125 0.639062 0.487500 0.639062 0.485938 0.635938
0 0.971875 0.592187 0.971875 0.601562 0.979688 0.601562 0.982812 0.614062 0.989062 0.614062 0.989062 0.600000 0.985938 0.598437 0.985938 0.592187
0 0.256250 0.482812 0.256250 0.498437 0.259375 0.503125 0.285938 0.503125 0.287500 0.492188 0.282813 0.487500
0 0.487500 0.443750 0.487500 0.456250 0.501563 0.465625 0.509375 0.465625 0.512500 0.462500 0.512500 0.448437 0.504687 0.442188
0 0.339062 0.290625 0.339062 0.301563 0.351562 0.300000 0.353125 0.304688 0.359375 0.304688 0.362500 0.307812 0.362500 0.317188 0.354687 0.320312 0.353125 0.325000 0.354687 0.337500 0.365625 0.345313 0.365625 0.351562 0.373437 0.368750 0.381250 0.375000 0.381250 0.387500 0.392188 0.387500 0.392188 0.359375 0.387500 0.357812 0.387500 0.337500 0.371875 0.328125 0.375000 0.304688 0.370312 0.298438 0.356250 0.296875 0.354687 0.293750 0.348438 0.293750 0.346875 0.290625
0 0.275000 0.264062 0.273438 0.273438 0.284375 0.273438 0.292187 0.279687 0.300000 0.279687 0.300000 0.267188 0.295312 0.267188 0.292187 0.262500
0 0.356250 0.210938 0.359375 0.225000 0.370312 0.237500 0.396875 0.237500 0.400000 0.232813 0.400000 0.223438 0.393750 0.212500 0.387500 0.209375 0.387500 0.204687 0.365625 0.206250 0.364063 0.210938
0 0.339062 0.181250 0.329688 0.182812 0.326562 0.198437 0.321875 0.204687 0.320312 0.218750 0.326562 0.225000 0.343750 0.220312 0.345313 0.212500 0.348438 0.210938 0.348438 0.204687 0.343750 0.203125 0.343750 0.187500 0.339062 0.185938
0 0.228125 0.157812 0.223438 0.185938 0.228125 0.192188 0.228125 0.206250 0.234375 0.206250 0.239063 0.160938 0.237500 0.157812
0 0.929688 0.140625 0.920312 0.142187 0.912500 0.156250 0.912500 0.162500 0.923438 0.162500 0.923438 0.156250 0.931250 0.150000
0 0.267188 0.135937 0.267188 0.159375 0.260937 0.164062 0.264062 0.193750 0.262500 0.204687 0.267188 0.209375 0.267188 0.225000 0.271875 0.226562 0.276562 0.248438 0.285938 0.248438 0.287500 0.223438 0.281250 0.210938 0.281250 0.195312 0.278125 0.193750 0.278125 0.184375 0.281250 0.182812 0.282813 0.148438 0.278125 0.146875 0.278125 0.135937
0 0.215625 0.121875 0.215625 0.134375 0.220312 0.139063 0.220312 0.145313 0.237500 0.148438 0.237500 0.145313 0.242188 0.143750 0.242188 0.137500 0.237500 0.134375 0.226562 0.135937 0.221875 0.121875
0 0.317188 0.096875 0.317188 0.109375 0.320312 0.114062 0.320312 0.125000 0.323437 0.128125 0.334375 0.131250 0.348438 0.126562 0.348438 0.112500 0.343750 0.110937 0.343750 0.104688 0.340625 0.104688 0.339062 0.100000 0.332813 0.095312
0 0.401562 0.085938 0.398438 0.110937 0.403125 0.118750 0.415625 0.118750 0.417187 0.114062 0.421875 0.114062 0.421875 0.104688 0.409375 0.098437 0.407813 0.085938
0 0.243750 0.081250 0.243750 0.106250 0.246875 0.117188 0.253125 0.118750 0.259375 0.129688 0.268750 0.129688 0.268750 0.107813 0.264062 0.106250 0.264062 0.090625 0.253125 0.081250
0 0.707812 0.037500 0.701562 0.046875 0.703125 0.062500 0.709375 0.067187 0.718750 0.067187 0.725000 0.057813 0.723437 0.042188 0.720313 0.042188 0.718750 0.037500
0 0.162500 0.037500 0.162500 0.054688 0.167187 0.065625 0.173437 0.067187 0.173437 0.075000 0.181250 0.075000 0.185938 0.079687 0.201563 0.084375 0.203125 0.089063 0.198437 0.093750 0.198437 0.103125 0.209375 0.101562 0.210938 0.107813 0.217188 0.107813 0.217188 0.096875 0.214062 0.095312 0.212500 0.081250 0.225000 0.076563 0.225000 0.064062 0.215625 0.064062 0.215625 0.075000 0.210938 0.076563 0.206250 0.068750 0.193750 0.067187 0.193750 0.056250 0.190625 0.056250 0.189062 0.051562 0.185938 0.051562 0.178125 0.042188
0 0.134375 0.000000 0.134375 0.012500 0.142187 0.021875 0.150000 0.021875 0.150000 0.000000
0 0.032813 0.000000 0.042188 0.017188 0.071875 0.017188 0.134375 0.076563 0.148438 0.123438 0.170313 0.142187 0.157812 0.156250 0.157812 0.206250 0.175000 0.251563 0.195312 0.237500 0.240625 0.289062 0.279687 0.429688 0.351562 0.495312 0.354687 0.621875 0.337500 0.701562 0.359375 0.732812 0.359375 0.850000 0.328125 0.928125 0.325000 0.998437 0.354687 0.998437 0.348438 0.959375 0.370312 0.896875 0.364063 0.873437 0.382812 0.867188 0.370312 0.790625 0.382812 0.710938 0.356250 0.704688 0.351562 0.695312 0.353125 0.685937 0.375000 0.673438 0.379688 0.654687 0.375000 0.529687 0.378125 0.526563 0.392188 0.525000 0.401562 0.593750 0.417187 0.596875 0.431250 0.620313 0.421875 0.728125 0.442188 0.831250 0.425000 0.956250 0.420312 0.964063 0.409375 0.967187 0.417187 0.998437 0.431250 0.998437 0.446875 0.932813 0.450000 0.928125 0.462500 0.921875 0.453125 0.876563 0.476562 0.778125 0.456250 0.785937 0.445312 0.767188 0.457813 0.709375 0.450000 0.617188 0.426563 0.575000 0.426563 0.515625 0.401562 0.476562 0.392188 0.398438 0.350000 0.382812 0.379688 0.454688 0.360938 0.456250 0.359375 0.465625 0.356250 0.467187 0.306250 0.393750 0.317188 0.385937 0.287500 0.357812 0.285938 0.321875 0.271875 0.312500 0.281250 0.296875 0.260937 0.290625 0.251563 0.246875 0.231250 0.251563 0.212500 0.225000 0.176563 0.210938 0.195312 0.176563 0.192188 0.137500 0.150000 0.034375 0.114062 0.029687 0.089063 0.000000
