0 0.006250 0.982812 0.006250 0.993750 0.012500 0.998437 0.043750 0.998437 0.039062 0.992188 0.028125 0.992188 0.020313 0.982812
0 0.481250 0.935937 0.473438 0.934375 0.471875 0.937500 0.462500 0.939063 0.460938 0.953125 0.475000 0.953125 0.479687 0.948438
0 0.492188 0.928125 0.492188 0.932813 0.487500 0.937500 0.487500 0.948438 0.501563 0.948438 0.504687 0.943750 0.503125 0.928125
0 0.676562 0.917188 0.656250 0.921875 0.656250 0.932813 0.675000 0.931250
0 0.350000 0.903125 0.350000 0.910937 0.345313 0.912500 0.345313 0.923438 0.350000 0.929688 0.357812 0.929688 0.360938 0.926562 0.360938 0.915625 0.367188 0.914062 0.367188 0.904687
0 0.471875 0.890625 0.475000 0.912500 0.470313 0.914062 0.468750 0.925000 0.479687 0.926562 0.479687 0.915625 0.495312 0.914062 0.493750 0.903125 0.482812 0.903125 0.478125 0.898438 0.478125 0.890625
0 0.668750 0.887500 0.646875 0.889062 0.646875 0.895312 0.650000 0.898438 0.668750 0.898438
0 0.517188 0.871875 0.517188 0.882812 0.545312 0.882812 0.545312 0.875000 0.542188 0.870313 0.520312 0.868750
0 0.471875 0.814063 0.471875 0.823438 0.479687 0.829688 0.479687 0.842187 0.482812 0.845313 0.498437 0.846875 0.498437 0.839063 0.503125 0.835938 0.503125 0.829688 0.496875 0.828125 0.478125 0.814063
0 0.035937 0.798438 0.035937 0.809375 0.043750 0.812500 0.046875 0.817187 0.056250 0.817187 0.056250 0.810937 0.043750 0.798438
0 0.423438 0.778125 0.403125 0.781250 0.401562 0.789062 0.414062 0.789062 0.415625 0.792188 0.421875 0.792188
0 0.589063 0.667188 0.582812 0.667188 0.584375 0.678125 0.573438 0.685937 0.573438 0.693750 0.576562 0.696875 0.589063 0.696875 0.593750 0.693750
0 0.998437 0.759375 0.998437 0.715625 0.979688 0.721875 0.956250 0.709375 0.962500 0.696875 0.998437 0.698438 0.998437 0.648438 0.981250 0.656250 0.979688 0.670312 0.975000 0.678125 0.946875 0.685937 0.945312 0.684375 0.954688 0.667188 0.923438 0.651563 0.760938 0.625000 0.743750 0.603125 0.735938 0.598437 0.642188 0.576562 0.589063 0.590625 0.578125 0.578125 0.601562 0.567187 0.600000 0.554688 0.559375 0.554688 0.543750 0.568750 0.515625 0.559375 0.507812 0.576562 0.475000 0.564063 0.456250 0.584375 0.425000 0.576562 0.395313 0.603125 0.395313 0.628125 0.392188 0.631250 0.292187 0.656250 0.285938 0.654687 0.237500 0.618750 0.171875 0.621875 0.162500 0.637500 0.071875 0.598437 0.000000 0.585938 0.006250 0.667188 0.081250 0.675000 0.190625 0.729688 0.232813 0.710938 0.248438 0.714063 0.251563 0.728125 0.285938 0.718750 0.296875 0.732812 0.328125 0.715625 0.398438 0.723437 0.410938 0.689063 0.382812 0.670312 0.382812 0.696875 0.351562 0.687500 0.348438 0.700000 0.309375 0.695312 0.303125 0.707812 0.298438 0.709375 0.229687 0.693750 0.207813 0.709375 0.206250 0.706250 0.218750 0.682813 0.192188 0.671875 0.185938 0.685937 0.179688 0.670312 0.135937 0.682813 0.121875 0.667188 0.129688 0.651563 0.203125 0.650000 0.210938 0.662500 0.251563 0.659375 0.273438 0.678125 0.323437 0.678125 0.435937 0.626563 0.445312 0.640625 0.409375 0.668750 0.421875 0.675000 0.482812 0.640625 0.585938 0.626563 0.646875 0.648438 0.643750 0.626563 0.645312 0.610938 0.657813 0.629687 0.704688 0.653125 0.714063 0.646875 0.700000 0.620313 0.701562 0.618750 0.740625 0.621875 0.746875 0.631250 0.779687 0.710938 0.850000 0.706250 0.876563 0.723437 0.910937 0.718750 0.962500 0.750000 0.953125 0.731250 0.964063 0.725000
0 0.440625 0.517188 0.431250 0.517188 0.428125 0.521875 0.423438 0.521875 0.418750 0.525000 0.418750 0.531250 0.437500 0.531250 0.440625 0.526563
0 0.537500 0.489063 0.537500 0.498437 0.546875 0.498437 0.551562 0.495312 0.557813 0.507812 0.564063 0.512500 0.587500 0.515625 0.587500 0.498437 0.584375 0.495312 0.584375 0.489063 0.578125 0.489063 0.575000 0.495312 0.568750 0.495312 0.565625 0.487500
0 0.101562 0.481250 0.093750 0.481250 0.093750 0.487500 0.096875 0.487500 0.098437 0.492188 0.090625 0.493750 0.090625 0.504687 0.096875 0.504687 0.101562 0.498437 0.104688 0.498437
0 0.687500 0.320312 0.684375 0.331250 0.692187 0.334375 0.700000 0.343750 0.706250 0.343750 0.706250 0.326562 0.695312 0.320312
0 0.612500 0.292187 0.612500 0.296875 0.604688 0.309375 0.604688 0.315625 0.615625 0.317188 0.615625 0.329688 0.618750 0.334375 0.629687 0.334375 0.634375 0.331250 0.634375 0.326562 0.639062 0.325000 0.639062 0.318750 0.634375 0.317188 0.632812 0.307812 0.623437 0.306250 0.620313 0.293750
0 0.650000 0.267188 0.637500 0.267188 0.634375 0.271875 0.634375 0.293750 0.642188 0.293750 0.645312 0.290625 0.645312 0.284375 0.650000 0.281250
0 0.960938 0.201563 0.962500 0.209375 0.982812 0.210938 0.982812 0.203125
0 0.762500 0.178125 0.756250 0.184375 0.757812 0.198437 0.770312 0.198437 0.776563 0.193750 0.776563 0.178125
0 0.600000 0.006250 0.584375 0.004687 0.576562 0.007812 0.564063 0.018750 0.564063 0.026562 0.576562 0.026562 0.578125 0.031250 0.590625 0.031250 0.598437 0.021875 0.601562 0.021875
