0 0.339062 0.973437 0.342187 0.989062 0.351562 0.989062 0.354687 0.984375 0.360938 0.982812 0.382812 0.984375 0.382812 0.978125 0.376563 0.976562 0.375000 0.973437 0.357812 0.973437 0.356250 0.968750 0.348438 0.968750
0 0.556250 0.931250 0.557813 0.956250 0.567187 0.957812 0.571875 0.953125 0.571875 0.946875 0.565625 0.943750 0.565625 0.932813
0 0.289062 0.932813 0.289062 0.943750 0.298438 0.953125 0.307812 0.953125 0.315625 0.948438 0.315625 0.940625 0.307812 0.940625 0.300000 0.931250
0 0.475000 0.887500 0.475000 0.893750 0.490625 0.892188 0.495312 0.896875 0.503125 0.896875 0.503125 0.878125 0.498437 0.878125 0.493750 0.871875 0.487500 0.871875 0.487500 0.878125 0.482812 0.884375
0 0.342187 0.862500 0.337500 0.867188 0.337500 0.873437 0.342187 0.879687 0.343750 0.892188 0.346875 0.896875 0.353125 0.896875 0.356250 0.889062 0.356250 0.875000 0.348438 0.867188 0.348438 0.862500
0 0.676562 0.828125 0.678125 0.837500 0.687500 0.840625 0.689063 0.859375 0.700000 0.867188 0.700000 0.878125 0.709375 0.878125 0.709375 0.868750 0.714063 0.865625 0.714063 0.859375 0.707812 0.857812 0.704688 0.839063 0.695312 0.837500 0.693750 0.828125 0.690625 0.826562
0 0.989062 0.821875 0.982812 0.821875 0.982812 0.829688 0.987500 0.834375 0.987500 0.848437 0.968750 0.850000 0.968750 0.862500 0.973437 0.865625 0.993750 0.864062 0.998437 0.856250 0.998437 0.829688 0.992188 0.828125
0 0.242188 0.793750 0.242188 0.814063 0.245312 0.815625 0.242188 0.829688 0.246875 0.845313 0.265625 0.846875 0.267188 0.837500 0.264062 0.837500 0.262500 0.832812 0.268750 0.828125 0.268750 0.818750 0.262500 0.812500 0.250000 0.807813 0.251563 0.792188
0 0.378125 0.775000 0.371875 0.775000 0.370312 0.779687 0.357812 0.776563 0.356250 0.795312 0.368750 0.793750 0.370312 0.784375 0.378125 0.782813
0 0.754687 0.707812 0.732812 0.709375 0.732812 0.718750 0.756250 0.720313
0 0.000000 0.376563 0.000000 0.400000 0.039062 0.440625 0.101562 0.462500 0.132812 0.495312 0.221875 0.521875 0.285938 0.592187 0.312500 0.593750 0.381250 0.642188 0.528125 0.684375 0.532813 0.689063 0.540625 0.715625 0.592187 0.737500 0.606250 0.746875 0.634375 0.825000 0.646875 0.823438 0.654687 0.779687 0.607812 0.742188 0.607812 0.706250 0.576562 0.692187 0.573438 0.712500 0.570312 0.715625 0.554688 0.700000 0.560937 0.670312 0.492188 0.656250 0.487500 0.626563 0.454688 0.634375 0.437500 0.621875 0.428125 0.632812 0.415625 0.603125 0.421875 0.601562 0.504687 0.625000 0.517188 0.614062 0.676562 0.767188 0.790625 0.837500 0.781250 0.853125 0.778125 0.851562 0.776563 0.837500 0.740625 0.843750 0.732812 0.865625 0.773438 0.865625 0.818750 0.900000 0.860938 0.909375 0.898438 0.962500 0.957812 0.990625 0.931250 0.935937 0.909375 0.934375 0.903125 0.917188 0.904687 0.915625 0.945312 0.929688 0.948438 0.932813 0.948438 0.959375 0.971875 0.920312 0.948438 0.915625 0.942187 0.910937 0.915625 0.857812 0.825000 0.806250 0.765625 0.810937 0.740625 0.765625 0.687500 0.737500 0.618750 0.656250 0.590625 0.651563 0.548438 0.607812 0.423438 0.573438 0.378125 0.537500 0.335938 0.537500 0.337500 0.518750 0.206250 0.425000 0.198437 0.470313 0.237500 0.478125 0.285938 0.531250 0.309375 0.534375 0.303125 0.546875 0.343750 0.553125 0.412500 0.595313 0.400000 0.614062 0.365625 0.610938 0.357812 0.584375 0.285938 0.551562 0.259375 0.510938 0.140625 0.470313 0.137500 0.465625 0.142187 0.448437 0.120313 0.454688 0.100000 0.426563 0.081250 0.434375 0.081250 0.418750 0.057813 0.418750 0.054688 0.414062 0.053125 0.400000 0.017188 0.395313 0.015625 0.392188 0.018750 0.381250
0 0.000000 0.332813 0.000000 0.370312 0.004687 0.370312 0.012500 0.359375 0.029687 0.359375 0.035937 0.365625 0.051562 0.368750 0.056250 0.376563 0.064062 0.381250 0.070312 0.381250 0.073438 0.376563 0.082812 0.376563 0.089063 0.387500 0.098437 0.390625 0.098437 0.396875 0.115625 0.403125 0.117188 0.414062 0.135937 0.423438 0.146875 0.423438 0.151562 0.434375 0.162500 0.434375 0.162500 0.426563 0.171875 0.420312 0.175000 0.426563 0.165625 0.434375 0.165625 0.440625 0.175000 0.450000 0.173437 0.467187 0.182812 0.467187 0.182812 0.453125 0.185938 0.450000 0.185938 0.421875 0.175000 0.415625 0.175000 0.406250 0.168750 0.398438 0.159375 0.398438 0.157812 0.403125 0.151562 0.406250 0.140625 0.396875 0.140625 0.385937 0.135937 0.385937 0.128125 0.373437 0.117188 0.373437 0.106250 0.364063 0.090625 0.364063 0.087500 0.360938 0.090625 0.357812 0.090625 0.351562 0.067187 0.350000 0.062500 0.342187 0.053125 0.337500 0.051562 0.328125 0.040625 0.328125 0.035937 0.337500 0.026562 0.337500 0.018750 0.346875 0.006250 0.343750 0.014063 0.340625 0.014063 0.332813
0 0.953125 0.317188 0.950000 0.331250 0.951562 0.343750 0.945312 0.345313 0.945312 0.351562 0.951562 0.351562 0.953125 0.356250 0.948438 0.364063 0.937500 0.364063 0.937500 0.370312 0.942187 0.375000 0.951562 0.375000 0.953125 0.371875 0.959375 0.375000 0.978125 0.375000 0.981250 0.381250 0.987500 0.381250 0.989062 0.373437 0.981250 0.371875 0.964063 0.346875 0.957812 0.345313 0.960938 0.334375 0.965625 0.329688 0.967187 0.317188
0 0.998437 0.304688 0.987500 0.306250 0.984375 0.326562 0.998437 0.326562
0 0.331250 0.279687 0.331250 0.290625 0.335938 0.296875 0.337500 0.306250 0.346875 0.307812 0.340625 0.279687
0 0.987500 0.250000 0.960938 0.257812 0.956250 0.262500 0.956250 0.273438 0.984375 0.273438 0.989062 0.264062
0 0.600000 0.167187 0.600000 0.184375 0.607812 0.184375 0.609375 0.178125 0.618750 0.176563 0.618750 0.168750
0 0.992188 0.114062 0.992188 0.123438 0.982812 0.131250 0.982812 0.146875 0.985938 0.148438 0.989062 0.162500 0.993750 0.167187 0.998437 0.167187 0.998437 0.112500
0 0.034375 0.064062 0.034375 0.081250 0.026562 0.082812 0.025000 0.096875 0.032813 0.098437 0.035937 0.104688 0.043750 0.106250 0.048438 0.114062 0.054688 0.114062 0.054688 0.100000 0.065625 0.090625 0.068750 0.079687 0.056250 0.070312 0.042188 0.073438 0.040625 0.064062
