0 0.060937 0.960938 0.057813 0.965625 0.057813 0.978125 0.060937 0.981250 0.081250 0.982812 0.084375 0.978125 0.082812 0.962500 0.075000 0.957812
0 0.257812 0.840625 0.257812 0.846875 0.264062 0.851562 0.293750 0.851562 0.293750 0.845313 0.290625 0.842187 0.275000 0.840625 0.273438 0.837500 0.262500 0.837500
0 0.343750 0.809375 0.335938 0.809375 0.334375 0.825000 0.323437 0.835938 0.323437 0.851562 0.332813 0.851562 0.332813 0.843750 0.351562 0.832812 0.351562 0.821875
0 0.407813 0.765625 0.385937 0.764062 0.389062 0.785937 0.384375 0.789062 0.371875 0.789062 0.367188 0.796875 0.373437 0.817187 0.382812 0.818750 0.392188 0.812500 0.400000 0.798438 0.400000 0.782813 0.404687 0.776563 0.407813 0.776563
0 0.390625 0.739062 0.342187 0.740625 0.340625 0.748437 0.328125 0.748437 0.323437 0.751563 0.323437 0.759375 0.345313 0.759375 0.357812 0.754687 0.376563 0.756250 0.384375 0.750000 0.390625 0.750000
0 0.000000 0.700000 0.000000 0.742188 0.007812 0.737500 0.010937 0.728125 0.020313 0.729688 0.029687 0.720313 0.037500 0.720313 0.043750 0.726562 0.043750 0.735938 0.048438 0.742188 0.078125 0.737500 0.085938 0.754687 0.093750 0.762500 0.089063 0.768750 0.079687 0.760938 0.076563 0.751563 0.064062 0.748437 0.059375 0.756250 0.039062 0.753125 0.034375 0.756250 0.034375 0.760938 0.028125 0.764062 0.018750 0.750000 0.007812 0.750000 0.000000 0.756250 0.000000 0.776563 0.040625 0.776563 0.053125 0.790625 0.107813 0.790625 0.114062 0.807813 0.123438 0.807813 0.126562 0.803125 0.167187 0.803125 0.171875 0.798438 0.181250 0.798438 0.185938 0.803125 0.201563 0.803125 0.204687 0.807813 0.215625 0.807813 0.218750 0.817187 0.225000 0.817187 0.235937 0.829688 0.254688 0.829688 0.259375 0.825000 0.260937 0.810937 0.245312 0.810937 0.239063 0.803125 0.231250 0.803125 0.229687 0.796875 0.234375 0.787500 0.246875 0.782813 0.253125 0.793750 0.260937 0.793750 0.270313 0.785937 0.300000 0.795312 0.312500 0.793750 0.312500 0.775000 0.307812 0.775000 0.292187 0.759375 0.292187 0.753125 0.279687 0.753125 0.276562 0.757812 0.256250 0.757812 0.253125 0.762500 0.218750 0.762500 0.212500 0.756250 0.212500 0.743750 0.207813 0.743750 0.203125 0.735938 0.171875 0.735938 0.168750 0.731250 0.139063 0.731250 0.131250 0.748437 0.114062 0.748437 0.096875 0.718750 0.051562 0.714063 0.042188 0.704688 0.026562 0.704688 0.021875 0.700000
0 0.114062 0.623437 0.112500 0.635938 0.117188 0.640625 0.139063 0.639062 0.139063 0.625000 0.123438 0.626563 0.121875 0.623437
0 0.398438 0.757812 0.407813 0.757812 0.418750 0.732812 0.432812 0.732812 0.435937 0.740625 0.457813 0.740625 0.470313 0.734375 0.489063 0.685937 0.510938 0.671875 0.546875 0.667188 0.556250 0.631250 0.559375 0.628125 0.592187 0.628125 0.607812 0.643750 0.629687 0.650000 0.656250 0.640625 0.681250 0.640625 0.695312 0.657813 0.703125 0.657813 0.728125 0.679688 0.757812 0.671875 0.790625 0.675000 0.803125 0.662500 0.846875 0.667188 0.853125 0.657813 0.871875 0.653125 0.876563 0.643750 0.893750 0.645312 0.903125 0.635938 0.965625 0.640625 0.973437 0.631250 0.989062 0.628125 0.998437 0.639062 0.998437 0.581250 0.993750 0.576562 0.950000 0.581250 0.939063 0.573438 0.918750 0.571875 0.893750 0.581250 0.884375 0.593750 0.868750 0.595313 0.860938 0.607812 0.823438 0.604688 0.795312 0.617188 0.767188 0.612500 0.750000 0.621875 0.700000 0.612500 0.685937 0.603125 0.685937 0.590625 0.678125 0.589063 0.671875 0.607812 0.678125 0.617188 0.687500 0.620313 0.684375 0.625000 0.679688 0.621875 0.662500 0.625000 0.656250 0.610938 0.637500 0.614062 0.632812 0.609375 0.635938 0.598437 0.628125 0.604688 0.610938 0.603125 0.607812 0.593750 0.615625 0.590625 0.617188 0.581250 0.590625 0.590625 0.589063 0.587500 0.593750 0.576562 0.578125 0.564063 0.568750 0.564063 0.559375 0.573438 0.559375 0.589063 0.540625 0.603125 0.525000 0.600000 0.514062 0.618750 0.496875 0.625000 0.484375 0.650000 0.464062 0.660937 0.428125 0.656250 0.407813 0.665625 0.407813 0.676562 0.390625 0.692187 0.390625 0.700000 0.403125 0.709375 0.396875 0.725000 0.401562 0.737500
0 0.626563 0.537500 0.628125 0.545312 0.648438 0.546875 0.651563 0.554688 0.662500 0.554688 0.664062 0.551562 0.684375 0.551562 0.689063 0.548438 0.689063 0.537500 0.653125 0.535937 0.651563 0.532813 0.632812 0.532813 0.631250 0.537500
0 0.681250 0.475000 0.679688 0.487500 0.700000 0.487500 0.703125 0.506250 0.714063 0.507812 0.710938 0.487500 0.704688 0.484375 0.704688 0.478125 0.696875 0.475000
0 0.042188 0.431250 0.042188 0.446875 0.046875 0.450000 0.059375 0.450000 0.068750 0.459375 0.075000 0.459375 0.076563 0.448437 0.073438 0.448437 0.068750 0.440625 0.064062 0.440625 0.056250 0.429688
0 0.654687 0.328125 0.654687 0.334375 0.670312 0.353125 0.689063 0.351562 0.690625 0.348438 0.723437 0.346875 0.723437 0.339062 0.715625 0.328125 0.678125 0.329688 0.673438 0.325000 0.660937 0.325000
0 0.687500 0.196875 0.687500 0.206250 0.703125 0.206250 0.703125 0.212500 0.695312 0.214062 0.695312 0.223438 0.704688 0.231250 0.706250 0.237500 0.709375 0.239063 0.709375 0.246875 0.723437 0.246875 0.721875 0.231250 0.726562 0.229687 0.728125 0.232813 0.734375 0.232813 0.735938 0.221875 0.710938 0.212500 0.715625 0.206250 0.715625 0.196875 0.712500 0.193750 0.703125 0.192188 0.700000 0.196875
0 0.748437 0.178125 0.742188 0.181250 0.740625 0.195312 0.728125 0.196875 0.728125 0.204687 0.737500 0.204687 0.740625 0.212500 0.743750 0.212500 0.753125 0.225000 0.764062 0.225000 0.770312 0.215625 0.781250 0.212500 0.781250 0.204687 0.776563 0.201563 0.765625 0.201563 0.760938 0.196875 0.765625 0.176563
0 0.581250 0.157812 0.581250 0.175000 0.584375 0.179688 0.606250 0.176563 0.606250 0.168750 0.601562 0.165625 0.598437 0.154688 0.587500 0.154688
0 0.753125 0.148438 0.753125 0.167187 0.756250 0.170313 0.768750 0.170313 0.771875 0.160938 0.768750 0.148438
0 0.043750 0.114062 0.025000 0.114062 0.021875 0.117188 0.014063 0.117188 0.012500 0.131250 0.007812 0.134375 0.007812 0.140625 0.020313 0.142187 0.039062 0.134375 0.043750 0.129688
0 0.960938 0.060937 0.960938 0.071875 0.956250 0.073438 0.956250 0.079687 0.953125 0.081250 0.953125 0.092188 0.959375 0.092188 0.965625 0.098437 0.965625 0.112500 0.968750 0.118750 0.965625 0.134375 0.968750 0.135937 0.968750 0.140625 0.973437 0.142187 0.989062 0.140625 0.998437 0.129688 0.996875 0.118750 0.979688 0.106250 0.978125 0.098437 0.970313 0.087500 0.968750 0.060937
0 0.903125 0.000000 0.903125 0.004687 0.909375 0.007812 0.931250 0.007812 0.942187 0.017188 0.950000 0.017188 0.956250 0.029687 0.956250 0.039062 0.960938 0.040625 0.964063 0.050000 0.973437 0.054688 0.975000 0.062500 0.992188 0.062500 0.996875 0.056250 0.998437 0.042188 0.992188 0.035937 0.992188 0.025000 0.985938 0.025000 0.984375 0.021875 0.967187 0.015625 0.965625 0.010937 0.953125 0.000000
0 0.395313 0.000000 0.398438 0.004687 0.414062 0.006250 0.421875 0.012500 0.428125 0.012500 0.435937 0.017188 0.454688 0.017188 0.460938 0.021875 0.467187 0.021875 0.473438 0.031250 0.487500 0.034375 0.492188 0.040625 0.528125 0.043750 0.531250 0.039062 0.557813 0.039062 0.573438 0.053125 0.610938 0.053125 0.621875 0.060937 0.631250 0.062500 0.640625 0.070312 0.659375 0.073438 0.665625 0.078125 0.679688 0.075000 0.687500 0.060937 0.695312 0.057813 0.698438 0.053125 0.710938 0.051562 0.714063 0.040625 0.720313 0.035937 0.732812 0.035937 0.740625 0.029687 0.740625 0.021875 0.753125 0.006250 0.776563 0.003125 0.776563 0.000000 0.739062 0.000000 0.735938 0.006250 0.712500 0.023438 0.706250 0.032813 0.695312 0.034375 0.685937 0.046875 0.667188 0.054688 0.656250 0.051562 0.651563 0.045312 0.640625 0.039062 0.628125 0.037500 0.615625 0.029687 0.575000 0.028125 0.567187 0.023438 0.565625 0.017188 0.534375 0.015625 0.531250 0.020313 0.504687 0.020313 0.498437 0.015625 0.478125 0.010937 0.470313 0.003125 0.464062 0.003125 0.462500 0.000000
0 0.284375 0.000000 0.284375 0.004687 0.287500 0.004687 0.289062 0.009375 0.329688 0.009375 0.343750 0.003125 0.343750 0.000000
